token 22:18:04
docID 9578
13388 
token http://foroautogas.redmadrid.es/index.php?topic105227.0
docID 9382
6910 
token 13:05:36
docID 9310
67 
docID 9689
8008 
token 13:05:26
docID 9129
2064 
token 36.10.060
docID 9597
454 
token 13:05:35
docID 9287
166 
token babypoopgreen
docID 9578
940 
token 13:05:59
docID 9057
1273 
token 22:13:45
docID 9064
1007 
token davisbuildersoutpost
docID 9658
1 
token toniabney
docID 8985
820 
token lusting
docID 9485
617 
token b60566884259
docID 9382
9746 10201 
token http://en.wikipedia.org/wiki/joseph_pilates
docID 9401
156 
token http://daviswiki.org/the_daily_show?actiondiff&at_date1195840891.7190399
docID 9608
2492 
token شركة
docID 9382
1 6 11 16 21 26 31 36 41 46 51 56 61 66 71 76 87 100 113 118 124 129 134 139 207 307 350 398 443 484 489 549 592 639 689 732 781 832 879 931 983 1032 1091 1141 1146 1247 1304 1344 1442 1487 1538 1587 1634 1688 1743 1806 1966 2009 2054 2099 2142 2202 2242 2286 2336 2379 2428 2479 2526 2578 2627 2676 2735 2785 2886 2943 2991 2995 3091 3136 3187 3236 3283 3469 3532 3586 3984 4137 4234 4595 4600 4613 4618 4623 4636 4650 4662 4675 4680 4685 4690 4695 4700 4705 4718 4723 4728 4734 4750 4755 4760 4765 4770 4775 4780 4785 4790 4795 4800 4805 4810 4815 4820 4825 4830 4835 4840 4845 4850 4855 4860 4865 4870 4875 4880 4893 4898 4903 4908 4913 4918 4923 4928 4933 4938 4943 4948 4953 4958 4963 4968 4973 4978 4983 4988 4993 5012 5017 5022 5027 5032 5037 5042 5047 5052 5098 5103 5108 5113 5118 5123 5128 5133 5138 5143 5148 5153 5158 5163 5168 5173 5178 5183 5188 5193 5198 5203 5208 5213 5218 5223 5228 5233 5238 5243 5248 5253 5258 5263 5268 5273 5278 5283 5288 5293 5298 5303 5308 5313 5318 5323 5328 5333 5338 5343 5348 5353 5358 5363 5368 5373 5378 5383 5388 5393 5403 5408 5413 5418 5423 5428 5433 5438 5443 5448 5453 5458 5463 5468 5473 5478 5493 5498 5503 5508 5513 5518 5523 5528 5533 5538 5543 5548 5553 5558 5563 5568 5573 5578 5583 5588 5593 5598 5603 5608 5613 5623 5628 5633 5638 5643 5648 5653 5658 5663 5668 5673 5678 5683 5688 5693 5698 5703 5708 5713 5718 5723 5728 5733 5738 5743 5750 5757 5762 5767 5774 5779 5802 5807 5812 5817 5822 5827 5832 5837 5842 5868 5873 5878 5883 5888 5893 5898 5903 5908 5913 5918 5923 5928 5933 5938 5943 5948 5953 5958 5963 5968 5973 5978 5983 5988 5993 6041 6092 6097 6102 6107 6112 6117 6122 6127 6132 6137 6142 6147 6152 6157 6162 6167 6172 6177 6182 6187 6192 6197 6202 6207 6212 6217 6222 6227 6232 6237 6242 6247 6252 6257 6262 6267 6272 6277 6282 6287 6292 6297 6302 6307 6312 6317 6323 6335 6341 6347 6353 6359 6365 6371 6377 6383 6389 6395 6401 6407 6413 6419 6425 6431 6437 6443 6449 6455 6461 6467 6473 6479 6485 6491 6497 6503 6508 6703 6709 6714 6720 7800 7805 7810 7815 7820 7825 7830 7835 7840 7845 7850 7855 7860 7865 7870 7875 7880 7885 7890 7895 7900 7905 7910 7915 7920 7925 7930 7935 7940 7945 7950 7955 7960 7965 7970 7975 7980 7985 7990 7995 8000 8005 8010 8015 8020 8074 8129 8134 8189 8196 8208 8214 8220 8226 8232 8239 8245 8251 8257 8263 8269 8274 8282 8290 8298 8306 8312 8320 8328 8336 8344 8357 8362 8367 8372 8377 8382 8387 8392 8397 8402 8407 8412 8417 8532 8588 8633 8699 8750 8800 8805 8810 8816 8822 8827 8834 8841 8847 8853 8859 8865 8871 8875 8879 8920 8928 8934 8940 8946 8952 8958 8964 8970 8976 8982 8988 9072 9149 9195 9265 9339 9404 9478 9552 9622 9694 9766 9850 9920 9996 10068 10140 10221 10297 10353 10360 10367 10373 10379 10384 10389 10395 10401 10407 10413 10419 10425 10431 10437 10443 10447 10452 10457 10462 10473 10485 10490 10503 10508 10513 10518 10526 10742 10747 10752 10763 10768 10773 10778 10783 10788 10793 10855 10896 10901 10968 10973 10978 10983 10992 10997 11005 11010 11015 11020 11027 11032 11037 11042 11064 11069 11074 11079 11118 11167 11172 11177 11182 11231 11236 11247 11258 11263 11268 11273 11330 11365 11370 11375 11380 11385 11390 11446 11451 11456 11512 11517 11522 11556 11561 11566 11608 11612 11616 11620 11626 11641 11646 11651 11656 11663 11667 11671 11675 11679 11683 11687 11691 11719 11723 11727 11731 11735 11739 11743 11747 11751 11755 11759 11763 11767 11772 11777 11782 11787 11792 11797 11802 11807 11820 11825 11830 11835 11854 11860 11928 12012 12017 12077 12153 12158 12263 12299 12304 12309 12313 12387 12455 12532 12599 12670 12741 12817 12905 12987 13041 13046 13106 13113 13118 13128 13132 13143 13157 13170 13183 13196 13209 13222 13244 13256 13324 13336 13349 13362 13375 13389 13402 13415 13433 13446 13458 13471 13484 13490 13552 13560 13630 13694 13802 13904 13962 14048 14135 14226 14232 14262 14312 14340 14368 14392 14454 14459 14492 14541 14548 14557 14618 14627 14632 14643 14649 14654 14659 14664 14669 14674 14679 14683 14689 14693 14698 14703 14708 14713 14718 14723 14728 14733 14738 14743 14751 14756 14762 14831 14836 14841 14847 14878 14891 14952 14957 14987 14993 14998 15003 15008 15072 15077 15087 15094 15100 15104 15109 15114 15119 15128 15133 15138 15143 15148 15153 15159 15163 15168 15173 15178 15183 15188 15193 15198 15203 15208 15214 15222 15227 15233 15238 15306 15311 15316 15321 15326 15331 15336 15341 15346 15351 15356 15361 15366 15374 15384 15468 15539 15584 15638 15672 15734 15804 15860 15922 15984 16058 16132 16198 16262 16318 16394 16400 16436 16441 16509 16514 16519 16593 16667 16672 16752 16758 16764 16771 16776 16781 16786 16792 16860 16865 16870 16875 16888 16893 16898 16903 16910 16916 16921 16926 16931 16936 16941 16946 16952 16957 16963 16967 16972 16977 16982 16987 16992 17043 17048 17053 17058 17103 17108 17114 17119 17125 17130 17135 17142 17147 17215 17294 17300 17305 17318 17323 17328 17341 17347 17362 17379 17384 17389 17394 
token dimms
docID 9547
1661 2428 2471 
token outwhere
docID 8993
2141 
token tortellini
docID 9549
168 
token 2/1000
docID 8993
23501 
token 30/35
docID 8993
18444 
token 36.10.030
docID 9597
438 
token http://forum.ationline.asia/viewtopic.php?f3&t81651
docID 9382
11678 
token http://biteofben.com/forums/viewtopic.php?f7&t35408&p48746#p48746
docID 9382
7277 
token 13:05:02
docID 9325
63 
token friendy
docID 9277
1071 
docID 9534
3180 
token https://twitter.com/clean_carpeting
docID 9382
15315 
token 36.10.020
docID 9597
434 
token queria
docID 9498
1330 
token 36.10.050
docID 9597
450 
token https://www.youtube.com/watch?vopw_nkpis6q&featureyoutu.be
docID 9382
8319 
token 13:38:40
docID 8980
1579 
token 11:33
docID 9067
797 
token 17:13:23
docID 9020
1511 
token wellconstructed
docID 9452
3774 
token 15:01:52
docID 9384
277 
token http://www.woorimfc.org/?midcommunity_board&page614&document_srl572547
docID 9382
5107 
token dissed
docID 9578
9758 
token 38,056
docID 9308
284 
token disavowed
docID 9338
8067 
token 36.10.040
docID 9597
442 
token 17:13:31
docID 9327
29 
token 36/145
docID 9578
9992 
token d400
docID 9547
2323 2467 
token 07:57:00
docID 9689
4940 
token brewbakers
docID 9354
58 
token tabbing
docID 9548
301 
token pshaw
docID 9213
317 
token negros
docID 9424
17 20 
token amendable
docID 9635
333 
token http://www.streetdance.co.kr/?midqna&document_srl455418
docID 9382
6460 
token 20071111001913
docID 9464
280 
token krispies
docID 9008
2682 
token carcinogenic
docID 9251
97 
token illegallyacting
docID 8993
8026 
token تبوك
docID 9382
8288 
token http://lookbook.nu/mido2013
docID 9382
5617 
token acceleration
docID 9053
1737 
token http://scwiki.org/
docID 9547
107 
token fightings
docID 9650
585 
token nggaming
docID 9382
6514 
token 15:13:08
docID 9498
1165 
token estuarine
docID 9127
144 
token https://new.livestream.com/accounts/8400249
docID 9382
10991 
token http://baczqulg.bget.ru
docID 9382
10676 
token jpost
docID 9420
2538 
token 121.74
docID 9417
5 
token aaroads
docID 9356
183 
token 00:22:56
docID 9498
135 
token kourik
docID 9506
549 
token http://gcupup.com/forum/board/viewtopic.php?f3&t259858&sidc0a3bdf6604f22bb732772cf3809ad09
docID 9382
7136 
token dib2014
docID 9231
760 
token 12:26:40
docID 9393
1186 
token http://www.bbb.org/northeastcalifornia/businessreviews/propertyandbuildingmanagementinvesting/fpimanagementinfolsomca28001385
docID 9578
12616 
token 23:46:25
docID 9578
2993 
token 14:58:17
docID 9452
4666 
token sandwichs
docID 9370
3192 
token http://www.abcbodybuilding.com/animatedexercises.html
docID 9469
490 
token 14:58:07
docID 9549
893 
token hlar
docID 9382
17375 
token hillarylafever
docID 9498
459 
docID 9303
420 593 
token 6/506843449404352
docID 9382
12011 
token straggly
docID 9498
3544 
token 12212010
docID 9517
2417 
token paulinetorres
docID 9253
2638 
token christiandsouza
docID 9463
516 
token administrationcorporate
docID 9420
4798 
token http://www.yolocounty.org/index.aspx?page323
docID 9340
1 
token 18:40:49
docID 8996
427 
token http://westcoast.co.kr/xe/duma_news/387391
docID 9382
5977 
token disposes
docID 9671
149 
token davisdeltachi
docID 9632
100 
token outhouses
docID 9203
49 
token http://ranter.net
docID 9382
10736 
token 18:47:49
docID 9020
1464 
token http://insanlarunutur.com/forum/viewtopic.php?f2&t350210
docID 9382
10 
token 18:47:47
docID 9608
1947 
token http://wayd.at/index.php/topic,210267.0.html
docID 9382
7195 
token 20mcadam
docID 9562
202 
token mongering
docID 9396
1416 
token 36.10.010
docID 9597
432 
token 18:47:55
docID 9664
8533 
token sexperiment1319914
docID 9309
880 
token crossfire
docID 8993
4161 12780 12840 
token alomerygroup
docID 9382
12163 13565 13635 13700 13755 13807 13863 13909 
token http://pomagajmosi.net/viewtopic.php?f4&t32841
docID 9382
7275 
token http://runadium.com/xe/index.php?midlevelup&page36&sort_index
docID 9382
6328 
token xhair
docID 9529
941 
token http://forum.centretoile.be/memberlist.php?modeviewprofile&u40981&sid57800a7a50d883261c84249e375188a4
docID 9382
10739 
token 18:47:21
docID 9664
7105 
token http://www.bhukorean.org/?midnewsatlanta&document_srl423203
docID 9382
6296 
token http://weather.com
docID 9689
932 
token confraternal
docID 9233
7 
token http://www.smogcheck.ca.gov/80_barresources/01_cap&goldshield/factsheets/consumer_assist_faqs.html
docID 9182
593 
token splurging
docID 9303
131 
token 7564350
docID 9018
65 
token agriscience
docID 9237
147 270 
token trainpool
docID 9651
196 
token digesting
docID 9338
3065 
token http://smlab.godohosting.com/coworking/index.php?midcoworkdb&document_srl262437
docID 9382
4879 
token neapolitan
docID 9253
1413 
token 15:40:33
docID 9053
2005 
token 12:49:50
docID 9464
1830 
token j.o.
docID 8993
17700 
token 15:40:26
docID 9179
202 
token منازل
docID 9382
115 1034 2678 2997 4725 6169 6174 6179 6184 6189 6194 6199 6204 6209 6214 6219 6224 6229 6234 6239 6244 6249 6254 6259 6264 6269 6274 6279 6284 6289 6294 6299 6304 6309 6314 7852 7857 7862 7867 7872 8701 8802 9768 12014 13562 14234 14543 15106 15205 15358 16264 17060 
token http://www.htmlworld.de/forum/viewtopic.php?t14049
docID 9382
65 
token klu
docID 9008
2308 
token 15:40:14
docID 9393
1740 
token thechurch
docID 9309
466 
token newstores
docID 9401
74 
token 21:02:02
docID 9619
1987 
token https://docs.google.com/document/pub?id1dgxjuynmff_wptbz0czwn9tn72ozgxxescdsak8_ga
docID 9261
635 
token 20070623
docID 9166
310 
token jwz
docID 9140
1799 
token coincidently
docID 9464
1685 
token adhering
docID 9488
2980 
token http://www.bareescentuals.com/
docID 9664
40 
token wayy
docID 9549
795 
token semihardwood
docID 9242
88 
token 1/750
docID 8993
13516 
token 16:38:26
docID 9619
600 
token http://chorakdo.net/xe/?midsub3&liststylelist&document_srl3847882
docID 9382
6454 
token importation
docID 9420
471 
token 02/4684333
docID 9308
133 
token 08/2007
docID 9224
729 
token theborn
docID 9020
1035 
token goldlakesroad
docID 9608
1 
token sfsus
docID 9605
236 
token 01:37:39
docID 9619
274 
token disavowed
docID 10273
1191 
token 17:13:31
docID 10126
16 
token d400
docID 9862
919 
token acceleration
docID 9937
107 
docID 10405
418 
token confraternal
docID 9914
13 
token digesting
docID 10074
5307 
token adhering
docID 10385
505 
token semihardwood
docID 9995
238 
token 13:05:35
docID 10595
1377 
token 22:13:45
docID 10619
998 
token amendable
docID 10923
1489 
token 12:49:50
docID 10924
7039 
token 13:05:02
docID 11972
1135 
token coincidently
docID 11519
3852 
token adhering
docID 11332
1053 
token tortellini
docID 12242
2740 3130 3161 3213 
token 23:46:25
docID 12258
4063 
token sandwichs
docID 12419
4273 
token digesting
docID 12601
1123 
token wayy
docID 12261
1371 
token davisbuildersoutpost
docID 13309
1805 
token 13:05:02
docID 13250
26690 
token 17:13:31
docID 13502
1395 
token 18:47:21
docID 13009
6875 
token adhering
docID 13193
479 
token importation
docID 12969
302 
token acceleration
docID 14137
1960 
token outhouses
docID 13611
472 
token 20070623
docID 13781
799 
docID 13599
11 
docID 13722
541 
token adhering
docID 14250
403 
token 17:13:23
docID 14988
315 
token 00:22:56
docID 14982
1329 
token christiandsouza
docID 15018
3695 
token adhering
docID 14491
113 
token mongering
docID 15097
22480 
token 20070623
docID 15173
2585 
token 22:13:45
docID 16583
7640 
token 11:33
docID 16330
322 
token acceleration
docID 16525
78 
token 15:40:26
docID 16085
8417 
token 20070623
docID 16496
1266 
