token cirriculum
docID 9058
233 
token edibility
docID 9506
74 
token http://daviswiki.org/kari_lane?actionrecall&version7
docID 9541
279 
token http://bladesofthedeath.foruj.pl
docID 9382
7403 
token d9
docID 9382
152 160 164 176 180 188 196 202 214 218 234 236 238 242 248 252 271 281 283 297 301 318 322 324 326 340 344 361 367 371 373 375 377 379 385 389 409 419 421 425 433 437 454 458 460 462 466 474 478 500 506 510 512 514 520 536 540 561 565 571 579 583 602 608 612 614 618 620 626 630 650 656 660 662 666 668 676 680 700 706 708 712 722 726 743 749 753 755 757 771 775 792 798 802 804 812 822 826 843 851 859 869 873 890 898 900 902 904 912 918 922 942 948 952 954 956 958 960 962 970 974 994 1000 1004 1006 1008 1010 1016 1022 1026 1043 1049 1053 1055 1057 1063 1081 1085 1103 1109 1113 1115 1117 1123 1131 1135 1157 1165 1167 1169 1173 1175 1177 1183 1189 1193 1211 1217 1223 1237 1241 1258 1264 1268 1270 1274 1276 1282 1294 1298 1316 1322 1326 1328 1334 1338 1354 1362 1366 1380 1384 1402 1408 1412 1414 1418 1432 1436 1453 1461 1465 1477 1481 1498 1502 1504 1508 1528 1532 1549 1555 1559 1561 1563 1577 1581 1598 1604 1608 1610 1612 1616 1624 1628 1645 1651 1655 1665 1673 1675 1677 1681 1699 1703 1705 1709 1717 1719 1727 1733 1737 1754 1758 1760 1764 1772 1774 1776 1778 1782 1788 1796 1800 1818 1824 1826 1830 1838 1842 1844 1846 1850 1854 1872 1876 1880 1896 1898 1900 1904 1910 1914 1930 1940 1942 1956 1960 1977 1981 1983 1985 1999 2003 2020 2026 2030 2032 2034 2036 2038 2044 2048 2065 2075 2077 2081 2089 2093 2112 2116 2118 2120 2124 2132 2136 2153 2159 2163 2165 2167 2173 2189 2193 2214 2218 2224 2232 2236 2252 2258 2262 2264 2268 2270 2276 2280 2297 2303 2307 2309 2313 2315 2323 2327 2347 2353 2355 2359 2369 2373 2390 2396 2400 2402 2404 2418 2422 2439 2445 2449 2451 2459 2469 2473 2490 2498 2506 2516 2520 2537 2545 2547 2549 2551 2559 2565 2569 2589 2595 2599 2601 2603 2605 2607 2609 2617 2621 2638 2644 2648 2650 2652 2654 2660 2666 2670 2687 2693 2697 2699 2701 2707 2725 2729 2747 2753 2757 2759 2761 2767 2775 2779 2796 2804 2806 2808 2812 2814 2816 2822 2828 2832 2850 2856 2862 2876 2880 2897 2903 2907 2909 2913 2915 2921 2933 2937 2953 2957 2963 2969 2973 2975 2981 2985 3006 3014 3018 3032 3036 3051 3057 3061 3063 3067 3081 3085 3102 3110 3114 3126 3130 3147 3151 3153 3157 3177 3181 3198 3204 3208 3210 3212 3226 3230 3247 3253 3257 3259 3261 3265 3273 3277 3294 3302 3306 3316 3324 3326 3328 3332 3345 3365 3367 3369 3373 3381 3391 3397 3405 3409 3425 3429 3431 3435 3443 3445 3453 3459 3463 3480 3484 3486 3490 3498 3500 3502 3504 3508 3514 3522 3526 3544 3548 3550 3552 3554 3560 3562 3564 3568 3576 3580 3594 3600 3610 3618 3620 3622 3626 3632 3646 3650 3671 3675 3677 3681 3695 3701 3703 3705 3709 3715 3719 3735 3739 3741 3745 3759 3765 3767 3779 3783 3797 3805 3811 3817 3825 3827 3829 3833 3846 3854 3860 3864 3874 3880 3884 3900 3910 3912 3918 3924 3928 3944 3950 3954 3956 3960 3974 3978 3995 4001 4005 4007 4011 4017 4019 4029 4033 4048 4056 4060 4062 4066 4082 4086 4103 4109 4113 4115 4117 4119 4127 4131 4144 4146 4150 4164 4170 4188 4192 4194 4198 4206 4216 4224 4228 4245 4249 4251 4253 4267 4275 4279 4296 4302 4304 4308 4316 4318 4320 4332 4336 4359 4361 4363 4367 4371 4379 4383 4396 4400 4412 4414 4416 4420 4424 4426 4432 4434 4436 4449 4453 4459 4463 4467 4473 4477 4479 4496 4498 4502 4520 4522 4537 4541 4557 4559 4561 4565 4571 4573 4577 4581 5066 5070 5072 5074 5088 5092 6007 6013 6017 6019 6021 6023 6025 6031 6035 6058 6064 6068 6070 6072 6074 6076 6082 6086 6523 6529 6533 6535 6539 6541 6547 6551 6572 6580 6584 6596 6600 6616 6620 6626 6630 6632 6636 6656 6660 6744 6748 6750 6754 6774 6778 6793 6797 6803 6809 6813 6815 6817 6819 6825 6831 6835 6855 6861 6865 6867 6875 6885 6889 6938 6942 6944 6948 6968 6972 6989 6993 6999 7005 7009 7011 7013 7019 7027 7031 7148 7152 7158 7162 7164 7166 7180 7184 7208 7212 7218 7224 7228 7230 7232 7234 7240 7246 7250 7290 7294 7300 7304 7306 7308 7322 7326 7359 7363 7369 7373 7375 7377 7391 7395 7427 7433 7437 7439 7443 7445 7453 7457 7487 7495 7499 7511 7515 7553 7557 7563 7567 7569 7571 7585 7589 7712 7718 7722 7724 7728 7730 7738 7742 7764 7770 7774 7776 7778 7780 7782 7788 7792 8031 8035 8041 8045 8047 8049 8063 8067 8087 8091 8097 8101 8103 8105 8119 8123 8147 8151 8157 8161 8163 8165 8179 8183 8428 8432 8434 8436 8450 8454 8464 8466 8468 8472 8480 8482 8496 8504 8508 8520 8545 8551 8555 8557 8565 8575 8579 8583 8601 8609 8613 8646 8652 8656 8658 8660 8662 8668 8672 8674 8678 8680 8682 8686 8688 8692 8694 8712 8716 8718 8722 8740 8742 8763 8769 8773 8775 8777 8779 8785 8791 8892 8898 8902 8904 8910 8914 9004 9008 9012 9028 9030 9032 9036 9042 9046 9056 9062 9064 9070 9088 9098 9100 9104 9118 9122 9128 9130 9136 9140 9160 9162 9164 9174 9176 9182 9186 9210 9216 9220 9222 9224 9226 9228 9234 9238 9244 9246 9252 9256 9280 9290 9292 9296 9300 9308 9312 9318 9320 9326 9330 9353 9357 9359 9361 9365 9373 9377 9383 9385 9391 9395 9419 9425 9429 9431 9433 9435 9437 9439 9447 9451 9457 9459 9465 9469 9493 9499 9503 9505 9507 9513 9521 9525 9531 9533 9539 9543 9567 9573 9577 9579 9583 9585 9591 9595 9601 9603 9609 9613 9637 9643 9647 9649 9653 9655 9663 9667 9673 9675 9681 9685 9709 9715 9719 9721 9723 9725 9731 9737 9741 9747 9749 9755 9759 9761 9781 9787 9791 9793 9795 9799 9805 9819 9823 9829 9831 9837 9841 9865 9873 9877 9889 9893 9899 9901 9907 9911 9935 9939 9941 9945 9965 9969 9975 9977 9983 9987 10011 10019 10027 10037 10041 10047 10049 10055 10059 10083 10091 10095 10109 10113 10119 10121 10127 10131 10154 10158 10164 10172 10174 10176 10178 10186 10192 10196 10202 10204 10210 10214 10216 10236 10242 10246 10248 10256 10266 10270 10276 10278 10284 10288 10309 10313 10315 10317 10329 10333 10335 10341 10343 10347 10606 10616 10618 10632 10636 10688 10696 10700 10712 10716 10807 10811 10815 10831 10833 10835 10839 10845 10849 10864 10868 10886 10888 10890 10894 10916 10921 10925 10943 10945 10947 10951 10958 10962 11088 11092 11108 11110 11112 11116 11131 11137 11141 11143 11147 11149 11157 11161 11290 11294 11296 11300 11320 11324 11406 11410 11412 11416 11436 11440 11472 11476 11478 11482 11502 11506 11534 11536 11540 11580 11586 11590 11592 11598 11602 11705 11711 11715 11717 11874 11880 11884 11886 11888 11890 11892 11898 11902 11918 11924 11926 11943 11949 11953 11955 11959 11961 11969 11973 11983 11989 11993 11995 12001 12005 12029 12037 12047 12061 12067 12075 12090 12098 12100 12102 12104 12112 12118 12122 12132 12140 12142 12144 12148 12166 12170 12196 12202 12206 12208 12210 12212 12214 12220 12224 12234 12240 12244 12246 12252 12256 12271 12273 12275 12289 12293 12326 12330 12332 12336 12356 12360 12366 12368 12374 12378 12400 12408 12412 12424 12428 12436 12444 12450 12466 12470 12476 12484 12488 12502 12506 12522 12528 12530 12545 12551 12555 12557 12561 12563 12569 12573 12589 12595 12597 12612 12618 12622 12624 12626 12628 12630 12632 12640 12644 12660 12666 12668 12683 12689 12693 12695 12697 12703 12711 12715 12731 12737 12739 12754 12762 12764 12766 12768 12776 12782 12786 12796 12804 12806 12808 12812 12834 12838 12840 12844 12864 12866 12870 12872 12878 12880 12882 12884 12892 12894 12919 12925 12929 12931 12935 12949 12953 12963 12977 12983 12985 13000 13006 13010 13012 13020 13030 13034 13059 13063 13069 13077 13085 13095 13099 13269 13277 13281 13293 13297 13305 13313 13319 13503 13507 13509 13511 13525 13527 13531 13533 13539 13541 13543 13545 13572 13576 13578 13582 13590 13592 13600 13606 13610 13618 13620 13628 13642 13646 13648 13652 13660 13662 13664 13666 13670 13676 13684 13688 13707 13713 13715 13719 13727 13731 13733 13735 13739 13743 13762 13768 13772 13774 13778 13792 13796 13814 13822 13826 13828 13832 13848 13852 13870 13876 13880 13882 13884 13886 13894 13898 13916 13920 13922 13926 13934 13944 13952 13956 13975 13981 13985 13987 13989 13991 13993 13999 14001 14005 14007 14013 14015 14017 14019 14029 14035 14037 14062 14068 14072 14074 14078 14080 14086 14088 14092 14094 14100 14102 14104 14106 14116 14122 14124 14148 14154 14158 14160 14164 14166 14174 14176 14180 14182 14188 14190 14192 14194 14204 14210 14212 14240 14242 14246 14272 14276 14278 14286 14296 14302 14310 14322 14326 14328 14330 14332 14334 14336 14352 14354 14356 14358 14366 14378 14382 14384 14388 14390 14402 14406 14408 14410 14416 14424 14428 14438 14444 14452 14468 14470 14476 14482 14488 14501 14505 14507 14511 14515 14517 14525 14531 14539 14570 14574 14586 14590 14598 14606 14612 14776 14784 14788 14800 14804 14812 14820 14826 14904 14908 14920 14924 14932 14940 14946 15024 15028 15040 15044 15052 15060 15066 15251 15259 15263 15275 15279 15287 15295 15301 15396 15404 15408 15412 15414 15418 15422 15424 15426 15432 15446 15458 15462 15477 15481 15495 15499 15515 15517 15519 15523 15529 15533 15548 15550 15552 15556 15572 15574 15592 15594 15596 15600 15610 15612 15614 15628 15632 15646 15648 15652 15660 15682 15686 15688 15690 15692 15694 15700 15706 15710 15712 15714 15716 15718 15724 15728 15742 15744 15748 15756 15768 15770 15774 15794 15798 15812 15814 15816 15820 15836 15838 15842 15850 15854 15870 15874 15876 15880 15882 15888 15894 15898 15900 15904 15906 15912 15916 15930 15932 15934 15938 15952 15956 15958 15960 15974 15978 15996 16004 16008 16012 16014 16020 16026 16030 16032 16034 16036 16038 16040 16048 16052 16070 16078 16082 16086 16088 16094 16100 16104 16106 16108 16114 16122 16126 16144 16152 16156 16160 16162 16166 16170 16172 16174 16188 16192 16208 16212 16214 16218 16220 16226 16232 16236 16238 16242 16244 16252 16256 16272 16276 16278 16280 16282 16284 16290 16296 16300 16302 16308 16312 16330 16338 16342 16346 16348 16354 16360 16364 16366 16370 16384 16388 16412 16420 16426 16454 16462 16466 16478 16482 16490 16498 16504 16531 16539 16543 16547 16549 16555 16563 16565 16567 16569 16577 16583 16587 16603 16607 16609 16617 16627 16633 16637 16639 16647 16657 16661 16682 16684 16686 16696 16700 16708 16710 16714 16716 16718 16722 16724 16726 16728 16732 16734 16738 16744 16746 16750 16805 16813 16817 16829 16833 16841 16849 16855 17005 17011 17015 17017 17025 17033 17035 17071 17079 17083 17093 17095 17160 17168 17172 17184 17188 17196 17204 17210 17224 17226 17228 17238 17242 17250 17252 17256 17258 17260 17264 17266 17268 17270 17274 17276 17280 17286 17288 17292 
token d8
docID 9382
148 150 154 156 158 162 166 168 170 172 174 178 182 184 186 190 192 194 198 200 204 216 220 222 224 226 228 230 232 240 244 246 250 254 256 267 269 273 275 277 279 285 287 289 291 293 295 299 303 305 314 316 320 328 330 332 334 336 338 342 346 348 357 359 363 365 369 381 383 387 391 393 405 407 411 413 415 417 423 427 429 431 435 439 441 450 452 456 464 468 470 472 476 480 482 496 498 502 504 508 516 518 522 524 526 528 530 532 534 538 542 544 557 559 563 567 569 573 575 577 581 585 587 598 600 604 606 610 616 622 624 628 632 634 646 648 652 654 658 664 670 672 674 678 682 684 696 698 702 704 710 714 716 718 720 724 728 730 739 741 745 747 751 759 761 763 765 767 769 773 777 779 788 790 794 796 800 806 808 810 814 816 818 820 824 828 830 839 841 845 847 849 853 855 857 861 863 865 867 871 875 877 886 888 892 894 896 906 908 910 914 916 920 924 926 938 940 944 946 950 964 966 968 972 976 978 990 992 996 998 1002 1012 1014 1018 1020 1024 1028 1030 1039 1041 1045 1047 1051 1059 1061 1065 1067 1069 1071 1073 1075 1077 1079 1083 1087 1089 1099 1101 1105 1107 1111 1119 1121 1125 1127 1129 1133 1137 1139 1153 1155 1159 1161 1163 1171 1179 1181 1185 1187 1191 1195 1197 1207 1209 1213 1215 1219 1221 1225 1227 1229 1231 1233 1235 1239 1243 1245 1254 1256 1260 1262 1266 1272 1278 1280 1284 1286 1288 1290 1292 1296 1300 1302 1312 1314 1318 1320 1324 1330 1332 1336 1340 1342 1350 1352 1356 1358 1360 1364 1368 1370 1372 1374 1376 1378 1382 1386 1388 1398 1400 1404 1406 1410 1416 1420 1422 1424 1426 1428 1430 1434 1438 1440 1449 1451 1455 1457 1459 1463 1467 1469 1471 1473 1475 1479 1483 1485 1494 1496 1500 1506 1510 1512 1514 1516 1518 1520 1522 1524 1526 1530 1534 1536 1545 1547 1551 1553 1557 1565 1567 1569 1571 1573 1575 1579 1583 1585 1594 1596 1600 1602 1606 1614 1618 1620 1622 1626 1630 1632 1641 1643 1647 1649 1653 1657 1659 1661 1663 1667 1669 1671 1679 1695 1697 1701 1707 1711 1713 1715 1721 1723 1725 1729 1731 1735 1739 1741 1750 1752 1756 1762 1766 1768 1770 1780 1784 1786 1790 1792 1794 1798 1802 1804 1814 1816 1820 1822 1828 1832 1834 1836 1840 1848 1852 1856 1858 1868 1870 1874 1878 1882 1884 1886 1888 1890 1892 1894 1902 1906 1908 1912 1916 1918 1926 1928 1932 1934 1936 1938 1944 1946 1948 1950 1952 1954 1958 1962 1964 1973 1975 1979 1987 1989 1991 1993 1995 1997 2001 2005 2007 2016 2018 2022 2024 2028 2040 2042 2046 2050 2052 2061 2063 2067 2069 2071 2073 2079 2083 2085 2087 2091 2095 2097 2108 2110 2114 2122 2126 2128 2130 2134 2138 2140 2149 2151 2155 2157 2161 2169 2171 2175 2177 2179 2181 2183 2185 2187 2191 2195 2197 2210 2212 2216 2220 2222 2226 2228 2230 2234 2238 2240 2248 2250 2254 2256 2260 2266 2272 2274 2278 2282 2284 2293 2295 2299 2301 2305 2311 2317 2319 2321 2325 2329 2331 2343 2345 2349 2351 2357 2361 2363 2365 2367 2371 2375 2377 2386 2388 2392 2394 2398 2406 2408 2410 2412 2414 2416 2420 2424 2426 2435 2437 2441 2443 2447 2453 2455 2457 2461 2463 2465 2467 2471 2475 2477 2486 2488 2492 2494 2496 2500 2502 2504 2508 2510 2512 2514 2518 2522 2524 2533 2535 2539 2541 2543 2553 2555 2557 2561 2563 2567 2571 2573 2585 2587 2591 2593 2597 2611 2613 2615 2619 2623 2625 2634 2636 2640 2642 2646 2656 2658 2662 2664 2668 2672 2674 2683 2685 2689 2691 2695 2703 2705 2709 2711 2713 2715 2717 2719 2721 2723 2727 2731 2733 2743 2745 2749 2751 2755 2763 2765 2769 2771 2773 2777 2781 2783 2792 2794 2798 2800 2802 2810 2818 2820 2824 2826 2830 2834 2836 2846 2848 2852 2854 2858 2860 2864 2866 2868 2870 2872 2874 2878 2882 2884 2893 2895 2899 2901 2905 2911 2917 2919 2923 2925 2927 2929 2931 2935 2939 2941 2951 2955 2959 2961 2965 2967 2971 2977 2979 2983 2987 2989 3002 3004 3008 3010 3012 3016 3020 3022 3024 3026 3028 3030 3034 3038 3040 3047 3049 3053 3055 3059 3065 3069 3071 3073 3075 3077 3079 3083 3087 3089 3098 3100 3104 3106 3108 3112 3116 3118 3120 3122 3124 3128 3132 3134 3143 3145 3149 3155 3159 3161 3163 3165 3167 3169 3171 3173 3175 3179 3183 3185 3194 3196 3200 3202 3206 3214 3216 3218 3220 3222 3224 3228 3232 3234 3243 3245 3249 3251 3255 3263 3267 3269 3271 3275 3279 3281 3290 3292 3296 3298 3300 3304 3308 3310 3312 3314 3318 3320 3322 3330 3341 3343 3347 3349 3351 3353 3355 3357 3359 3361 3363 3371 3383 3385 3387 3389 3393 3395 3399 3401 3403 3407 3411 3413 3421 3423 3427 3433 3437 3439 3441 3447 3449 3451 3455 3457 3461 3465 3467 3476 3478 3482 3488 3492 3494 3496 3506 3510 3512 3516 3518 3520 3524 3528 3530 3540 3542 3546 3556 3558 3566 3570 3572 3574 3578 3582 3584 3596 3598 3602 3604 3606 3608 3612 3614 3616 3624 3628 3630 3634 3636 3638 3640 3642 3644 3648 3652 3654 3667 3669 3673 3679 3683 3685 3687 3689 3691 3693 3697 3699 3707 3711 3713 3717 3721 3723 3731 3733 3737 3743 3747 3749 3751 3753 3755 3757 3761 3763 3769 3771 3773 3775 3777 3781 3785 3787 3795 3799 3801 3803 3807 3809 3813 3815 3819 3821 3823 3831 3842 3844 3848 3850 3852 3856 3858 3862 3866 3868 3870 3872 3876 3878 3882 3886 3888 3896 3898 3902 3904 3906 3908 3914 3916 3920 3922 3926 3930 3932 3940 3942 3946 3948 3952 3958 3962 3964 3966 3968 3970 3972 3976 3980 3982 3991 3993 3997 3999 4003 4009 4013 4015 4021 4023 4025 4027 4031 4035 4037 4044 4046 4050 4052 4054 4058 4064 4068 4070 4072 4074 4076 4078 4080 4084 4088 4090 4099 4101 4105 4107 4111 4121 4123 4125 4129 4133 4135 4148 4152 4154 4156 4158 4160 4162 4166 4168 4172 4174 4176 4184 4186 4190 4196 4200 4202 4204 4208 4210 4212 4214 4218 4220 4222 4226 4230 4232 4241 4243 4247 4255 4257 4259 4261 4263 4265 4269 4271 4273 4277 4281 4283 4292 4294 4298 4300 4306 4310 4312 4314 4322 4324 4326 4328 4330 4334 4338 4340 4349 4351 4353 4355 4357 4365 4369 4373 4375 4377 4381 4385 4387 4398 4402 4404 4406 4408 4410 4418 4422 4428 4430 4438 4447 4451 4455 4457 4461 4465 4469 4471 4475 4481 4483 4485 4487 4500 4504 4506 4508 4510 4512 4514 4516 4518 4524 4526 4528 4539 4543 4545 4547 4549 4551 4553 4555 4563 4567 4569 4575 4579 4583 5062 5064 5068 5076 5078 5080 5082 5084 5086 5090 5094 5096 6003 6005 6009 6011 6015 6027 6029 6033 6037 6039 6054 6056 6060 6062 6066 6078 6080 6084 6088 6090 6519 6521 6525 6527 6531 6537 6543 6545 6549 6553 6555 6568 6570 6574 6576 6578 6582 6586 6588 6590 6592 6594 6598 6602 6604 6614 6618 6622 6624 6628 6634 6638 6640 6642 6644 6646 6648 6650 6652 6654 6658 6662 6664 6740 6742 6746 6752 6756 6758 6760 6762 6764 6766 6768 6770 6772 6776 6780 6782 6791 6795 6799 6801 6805 6807 6811 6821 6823 6827 6829 6833 6837 6839 6851 6853 6857 6859 6863 6869 6871 6873 6877 6879 6881 6883 6887 6891 6893 6934 6936 6940 6946 6950 6952 6954 6956 6958 6960 6962 6964 6966 6970 6974 6976 6987 6991 6995 6997 7001 7003 7007 7015 7017 7021 7023 7025 7029 7033 7035 7146 7150 7154 7156 7160 7168 7170 7172 7174 7176 7178 7182 7186 7188 7206 7210 7214 7216 7220 7222 7226 7236 7238 7242 7244 7248 7252 7254 7288 7292 7296 7298 7302 7310 7312 7314 7316 7318 7320 7324 7328 7330 7357 7361 7365 7367 7371 7379 7381 7383 7385 7387 7389 7393 7397 7399 7423 7425 7429 7431 7435 7441 7447 7449 7451 7455 7459 7461 7483 7485 7489 7491 7493 7497 7501 7503 7505 7507 7509 7513 7517 7519 7551 7555 7559 7561 7565 7573 7575 7577 7579 7581 7583 7587 7591 7593 7708 7710 7714 7716 7720 7726 7732 7734 7736 7740 7744 7746 7760 7762 7766 7768 7772 7784 7786 7790 7794 7796 8029 8033 8037 8039 8043 8051 8053 8055 8057 8059 8061 8065 8069 8071 8085 8089 8093 8095 8099 8107 8109 8111 8113 8115 8117 8121 8125 8127 8145 8149 8153 8155 8159 8167 8169 8171 8173 8175 8177 8181 8185 8187 8424 8426 8430 8438 8440 8442 8444 8446 8448 8452 8456 8458 8460 8462 8470 8474 8476 8478 8492 8494 8498 8500 8502 8506 8510 8512 8514 8516 8518 8522 8524 8526 8541 8543 8547 8549 8553 8559 8561 8563 8567 8569 8571 8573 8577 8581 8597 8599 8603 8605 8607 8611 8615 8617 8619 8621 8623 8625 8627 8642 8644 8648 8650 8654 8664 8666 8670 8676 8684 8690 8696 8708 8710 8714 8720 8724 8726 8728 8730 8732 8734 8736 8738 8744 8759 8761 8765 8767 8771 8781 8783 8787 8789 8793 8795 8797 8888 8890 8894 8896 8900 8906 8908 8912 8916 8918 9000 9002 9006 9010 9014 9016 9018 9020 9022 9024 9026 9034 9038 9040 9044 9048 9050 9052 9054 9058 9060 9066 9068 9084 9086 9090 9092 9094 9096 9102 9106 9108 9110 9112 9114 9116 9120 9124 9126 9132 9134 9138 9142 9144 9146 9166 9168 9170 9172 9178 9180 9184 9188 9190 9192 9206 9208 9212 9214 9218 9230 9232 9236 9240 9242 9248 9250 9254 9258 9260 9262 9276 9278 9282 9284 9286 9288 9294 9298 9302 9304 9306 9310 9314 9316 9322 9324 9328 9332 9334 9336 9349 9351 9355 9363 9367 9369 9371 9375 9379 9381 9387 9389 9393 9397 9399 9401 9415 9417 9421 9423 9427 9441 9443 9445 9449 9453 9455 9461 9463 9467 9471 9473 9475 9489 9491 9495 9497 9501 9509 9511 9515 9517 9519 9523 9527 9529 9535 9537 9541 9545 9547 9549 9563 9565 9569 9571 9575 9581 9587 9589 9593 9597 9599 9605 9607 9611 9615 9617 9619 9633 9635 9639 9641 9645 9651 9657 9659 9661 9665 9669 9671 9677 9679 9683 9687 9689 9691 9705 9707 9711 9713 9717 9727 9729 9733 9735 9739 9743 9745 9751 9753 9757 9763 9777 9779 9783 9785 9789 9797 9801 9803 9807 9809 9811 9813 9815 9817 9821 9825 9827 9833 9835 9839 9843 9845 9847 9861 9863 9867 9869 9871 9875 9879 9881 9883 9885 9887 9891 9895 9897 9903 9905 9909 9913 9915 9917 9931 9933 9937 9943 9947 9949 9951 9953 9955 9957 9959 9961 9963 9967 9971 9973 9979 9981 9985 9989 9991 9993 10007 10009 10013 10015 10017 10021 10023 10025 10029 10031 10033 10035 10039 10043 10045 10051 10053 10057 10061 10063 10065 10079 10081 10085 10087 10089 10093 10097 10099 10101 10103 10105 10107 10111 10115 10117 10123 10125 10129 10133 10135 10137 10152 10156 10160 10162 10166 10168 10170 10180 10182 10184 10188 10190 10194 10198 10200 10206 10208 10212 10218 10232 10234 10238 10240 10244 10250 10252 10254 10258 10260 10262 10264 10268 10272 10274 10280 10282 10286 10290 10292 10294 10305 10307 10311 10319 10321 10323 10325 10327 10331 10337 10339 10345 10349 10351 10602 10604 10608 10610 10612 10614 10620 10622 10624 10626 10628 10630 10634 10638 10640 10684 10686 10690 10692 10694 10698 10702 10704 10706 10708 10710 10714 10718 10720 10803 10805 10809 10813 10817 10819 10821 10823 10825 10827 10829 10837 10841 10843 10847 10851 10853 10866 10871 10873 10875 10877 10879 10881 10884 10892 10912 10914 10918 10923 10928 10930 10932 10934 10936 10938 10941 10949 10954 10956 10960 10964 10966 11090 11094 11096 11098 11100 11102 11104 11106 11114 11127 11129 11133 11135 11139 11145 11151 11153 11155 11159 11163 11165 11286 11288 11292 11298 11302 11304 11306 11308 11310 11312 11314 11316 11318 11322 11326 11328 11402 11404 11408 11414 11418 11420 11422 11424 11426 11428 11430 11432 11434 11438 11442 11444 11468 11470 11474 11480 11484 11486 11488 11490 11492 11494 11496 11498 11500 11504 11508 11510 11538 11542 11544 11546 11548 11550 11552 11554 11576 11578 11582 11584 11588 11594 11596 11600 11604 11606 11701 11703 11707 11709 11713 11870 11872 11876 11878 11882 11894 11896 11900 11904 11906 11908 11910 11912 11914 11916 11920 11922 11939 11941 11945 11947 11951 11957 11963 11965 11967 11971 11975 11977 11979 11981 11985 11987 11991 11997 11999 12003 12007 12009 12025 12027 12031 12033 12035 12039 12041 12043 12045 12049 12051 12053 12055 12057 12059 12063 12065 12069 12071 12073 12086 12088 12092 12094 12096 12106 12108 12110 12114 12116 12120 12124 12126 12128 12130 12134 12136 12138 12146 12150 12168 12172 12174 12176 12178 12180 12182 12192 12194 12198 12200 12204 12216 12218 12222 12226 12228 12230 12232 12236 12238 12242 12248 12250 12254 12258 12260 12277 12279 12281 12283 12285 12287 12291 12295 12297 12322 12324 12328 12334 12338 12340 12342 12344 12346 12348 12350 12352 12354 12358 12362 12364 12370 12372 12376 12380 12382 12384 12396 12398 12402 12404 12406 12410 12414 12416 12418 12420 12422 12426 12430 12432 12434 12438 12440 12442 12446 12448 12452 12464 12468 12472 12474 12478 12480 12482 12486 12490 12492 12494 12496 12498 12500 12504 12508 12510 12512 12514 12516 12518 12520 12524 12526 12541 12543 12547 12549 12553 12559 12565 12567 12571 12575 12577 12579 12581 12583 12585 12587 12591 12593 12608 12610 12614 12616 12620 12634 12636 12638 12642 12646 12648 12650 12652 12654 12656 12658 12662 12664 12679 12681 12685 12687 12691 12699 12701 12705 12707 12709 12713 12717 12719 12721 12723 12725 12727 12729 12733 12735 12750 12752 12756 12758 12760 12770 12772 12774 12778 12780 12784 12788 12790 12792 12794 12798 12800 12802 12810 12814 12830 12832 12836 12842 12846 12848 12850 12852 12854 12856 12858 12860 12862 12868 12874 12876 12886 12888 12890 12896 12898 12900 12902 12915 12917 12921 12923 12927 12933 12937 12939 12941 12943 12945 12947 12951 12955 12957 12959 12961 12965 12967 12969 12971 12973 12975 12979 12981 12996 12998 13002 13004 13008 13014 13016 13018 13022 13024 13026 13028 13032 13036 13038 13057 13061 13065 13067 13071 13073 13075 13079 13081 13083 13087 13089 13091 13093 13097 13101 13103 13265 13267 13271 13273 13275 13279 13283 13285 13287 13289 13291 13295 13299 13301 13303 13307 13309 13311 13315 13317 13321 13499 13501 13505 13513 13515 13517 13519 13521 13523 13529 13535 13537 13547 13549 13568 13570 13574 13580 13584 13586 13588 13594 13596 13598 13602 13604 13608 13612 13614 13616 13622 13624 13626 13638 13640 13644 13650 13654 13656 13658 13668 13672 13674 13678 13680 13682 13686 13690 13692 13703 13705 13709 13711 13717 13721 13723 13725 13729 13737 13741 13745 13747 13758 13760 13764 13766 13770 13776 13780 13782 13784 13786 13788 13790 13794 13798 13800 13810 13812 13816 13818 13820 13824 13830 13834 13836 13838 13840 13842 13844 13846 13850 13854 13856 13866 13868 13872 13874 13878 13888 13890 13892 13896 13900 13902 13912 13914 13918 13924 13928 13930 13932 13936 13938 13940 13942 13946 13948 13950 13954 13958 13960 13971 13973 13977 13979 13983 13995 13997 14003 14009 14011 14021 14023 14025 14027 14031 14033 14039 14041 14043 14045 14058 14060 14064 14066 14070 14076 14082 14084 14090 14096 14098 14108 14110 14112 14114 14118 14120 14126 14128 14130 14132 14144 14146 14150 14152 14156 14162 14168 14170 14172 14178 14184 14186 14196 14198 14200 14202 14206 14208 14214 14216 14218 14220 14244 14248 14250 14252 14254 14256 14258 14260 14270 14274 14280 14282 14284 14288 14290 14292 14294 14298 14300 14304 14306 14308 14320 14324 14338 14348 14350 14360 14362 14364 14376 14380 14386 14400 14404 14412 14414 14418 14420 14422 14426 14430 14432 14434 14436 14440 14442 14446 14448 14450 14466 14472 14474 14478 14480 14484 14486 14490 14499 14503 14509 14513 14519 14521 14523 14527 14529 14533 14535 14537 14566 14568 14572 14576 14578 14580 14582 14584 14588 14592 14594 14596 14600 14602 14604 14608 14610 14614 14772 14774 14778 14780 14782 14786 14790 14792 14794 14796 14798 14802 14806 14808 14810 14814 14816 14818 14822 14824 14828 14900 14902 14906 14910 14912 14914 14916 14918 14922 14926 14928 14930 14934 14936 14938 14942 14944 14948 15020 15022 15026 15030 15032 15034 15036 15038 15042 15046 15048 15050 15054 15056 15058 15062 15064 15068 15247 15249 15253 15255 15257 15261 15265 15267 15269 15271 15273 15277 15281 15283 15285 15289 15291 15293 15297 15299 15303 15392 15394 15398 15400 15402 15406 15410 15416 15420 15428 15430 15434 15436 15438 15440 15442 15444 15448 15450 15452 15454 15456 15460 15464 15466 15479 15483 15485 15487 15489 15491 15493 15497 15501 15503 15505 15507 15509 15511 15513 15521 15525 15527 15531 15535 15537 15554 15558 15560 15562 15564 15566 15568 15570 15576 15578 15580 15582 15598 15602 15604 15606 15608 15616 15618 15620 15622 15624 15626 15630 15634 15636 15650 15654 15656 15658 15662 15664 15666 15668 15670 15680 15684 15696 15698 15702 15704 15708 15720 15722 15726 15730 15732 15746 15750 15752 15754 15758 15760 15762 15764 15766 15772 15776 15778 15780 15782 15784 15786 15788 15790 15792 15796 15800 15802 15818 15822 15824 15826 15828 15830 15832 15834 15840 15844 15846 15848 15852 15856 15858 15868 15872 15878 15884 15886 15890 15892 15896 15902 15908 15910 15914 15918 15920 15936 15940 15942 15944 15946 15948 15950 15954 15962 15964 15966 15968 15970 15972 15976 15980 15982 15992 15994 15998 16000 16002 16006 16010 16016 16018 16022 16024 16028 16042 16044 16046 16050 16054 16056 16066 16068 16072 16074 16076 16080 16084 16090 16092 16096 16098 16102 16110 16112 16116 16118 16120 16124 16128 16130 16140 16142 16146 16148 16150 16154 16158 16164 16168 16176 16178 16180 16182 16184 16186 16190 16194 16196 16206 16210 16216 16222 16224 16228 16230 16234 16240 16246 16248 16250 16254 16258 16260 16270 16274 16286 16288 16292 16294 16298 16304 16306 16310 16314 16316 16326 16328 16332 16334 16336 16340 16344 16350 16352 16356 16358 16362 16368 16372 16374 16376 16378 16380 16382 16386 16390 16392 16408 16410 16414 16416 16418 16422 16424 16428 16430 16432 16434 16450 16452 16456 16458 16460 16464 16468 16470 16472 16474 16476 16480 16484 16486 16488 16492 16494 16496 16500 16502 16506 16527 16529 16533 16535 16537 16541 16545 16551 16553 16557 16559 16561 16571 16573 16575 16579 16581 16585 16589 16591 16601 16605 16611 16613 16615 16619 16621 16623 16625 16629 16631 16635 16641 16643 16645 16649 16651 16653 16655 16659 16663 16665 16688 16690 16692 16694 16698 16702 16704 16706 16712 16720 16730 16736 16740 16742 16748 16801 16803 16807 16809 16811 16815 16819 16821 16823 16825 16827 16831 16835 16837 16839 16843 16845 16847 16851 16853 16857 17001 17003 17007 17009 17013 17019 17021 17023 17027 17029 17031 17037 17067 17069 17073 17075 17077 17081 17085 17087 17089 17091 17097 17156 17158 17162 17164 17166 17170 17174 17176 17178 17180 17182 17186 17190 17192 17194 17198 17200 17202 17206 17208 17212 17230 17232 17234 17236 17240 17244 17246 17248 17254 17262 17272 17278 17282 17284 17290 
token d4
docID 9382
11342 11353 
token http://nn.etoc.wo.tc/index.php?midfree&document_srl82183
docID 9382
11216 
token lubinski
docID 9165
1270 
token aldriges
docID 9583
68 
token http://che.ucdavis.edu/
docID 9576
351 
token http://mlqy.joinbbs.net
docID 9382
7465 
token cz
docID 9382
10497 
token 09:41:43
docID 9277
1477 
token e7
docID 9382
5005 
token e3
docID 9382
11346 
token offficial
docID 9620
634 
token تخزين
docID 9382
308 444 1967 2100 4596 4619 8842 8860 9150 9340 10368 13171 13184 14665 14684 14999 15004 15129 15144 15585 15861 16765 16777 17301 17324 
token alishatran
docID 9498
3842 
token http://blacknexus.com
docID 9382
6691 
token 09:41:13
docID 8985
1102 
token rears
docID 9420
4113 
token http://www.historicoakdaleranch.com
docID 9071
830 
token 19:37:38
docID 9498
2080 
token b9
docID 9382
191 424 465 848 1287 1359 2080 2123 2495 2926 3011 3567 3605 3810 3857 3907 4354 4370 5791 9299 9364 10016 10088 10350 11909 12026 12044 12070 12439 12481 12513 12580 12651 12722 12968 13074 13308 14305 14447 14485 14534 14601 14815 14935 15055 15290 15841 16409 16493 16699 16844 17199 17241 
token b8
docID 9382
370 509 568 611 659 752 801 951 1003 1052 1112 1267 1325 1411 1558 1607 2029 2162 2221 2261 2306 2399 2448 2598 2647 2696 2756 2906 2972 3060 3207 3256 3394 3629 3953 4004 4059 4112 6016 6067 6532 6812 6864 7008 7227 7436 7721 7773 8554 8655 8772 8901 9219 9428 9502 9576 9646 9718 9790 10245 11140 11589 11714 11883 11952 11992 12205 12243 12554 12621 12692 12928 13009 13771 13825 13879 13984 14071 14157 14275 14325 14381 14405 14473 14504 15411 15421 15685 15709 15873 15897 16011 16029 16085 16103 16159 16169 16211 16235 16275 16299 16345 16363 16546 16606 16636 17014 
token fivestar
docID 9689
158 
token wadada
docID 9144
30 
token goleta
docID 9452
13 446 518 
token standno
docID 9420
4612 
token c9
docID 9382
11345 11351 
token c8
docID 9382
11357 
token cybertweaking
docID 9277
1791 
token p4
docID 9547
2517 
token p2
docID 9309
108 
token nz
docID 9420
4540 
token 7aweek
docID 9020
3237 
token spahair
docID 9529
811 
token xpaparazzox
docID 9630
30 
token http://gappebeepsuniversity.com/forum/index.php?topic16989.0
docID 9382
7599 
token ou
docID 9165
162 
token 17:42:06
docID 9312
1650 
token moviepeople
docID 9141
141 
token 17:42:08
docID 9465
5 
token viewsheds
docID 9361
211 2475 
token shafer
docID 9220
68 81 
token 17:42:19
docID 9386
1178 
token netbsd
docID 9547
494 500 
token http://mantele.forogratis.es/topict4259.html
docID 9382
7132 
token http://www.youtube.com/watch?vziqkfdvllre
docID 9382
12312 
token http://nemographer.com/xe/?midreservation&document_srl59230
docID 9382
5347 
token 17:42:24
docID 9578
12870 
token uninvent
docID 8993
9806 
token وحفظ
docID 9382
3661 14855 
token jn
docID 9338
6699 
token insidetrack
docID 9420
4890 
token http://forum.matamassa.org/viewtopic.php?f5&t136653
docID 9382
6694 
token kr
docID 9382
4887 11244 11255 
token sepal
docID 9101
106 
token cryptomnesia
docID 9309
345 
token 22:24:13
docID 9393
1086 
token ecoevents
docID 9576
262 
token ic
docID 9165
878 881 884 887 
token pragmaticallyor
docID 9420
7672 
token hz
docID 9082
191 
docID 9204
436 
token davisphotoclub
docID 9224
737 
token ik
docID 9020
3027 
token kirshner
docID 9647
194 
token golshani
docID 9198
431 
token strongarming
docID 9559
310 
token ji
docID 9411
825 
token ultrabookclass
docID 9584
2963 
token communityrelated
docID 9420
4187 
token 01:07:37
docID 9247
1129 
token wy
docID 9356
764 
token ww
docID 9525
58 
token transpeople
docID 9570
181 
token http://www.alaskalife.org/index.php?topic2226142.0
docID 9382
6676 
token http://brainsuck.com/profile.php?a22222
docID 9382
5647 
token fantasyfootballrush
docID 9382
10597 
token xe
docID 9382
5860 
token 21:44:52
docID 9349
988 
token 16:47:12
docID 9689
8822 
token unprogrammed
docID 9650
58 200 792 1189 1219 
token guinnessworldrecords2007
docID 9294
302 
token 05:17:39
docID 9206
535 
token http://saudiclean.com/
docID 9382
14554 14555 
token vn
docID 9382
6612 
token http://csjazon.az.pl/member.php?actionprofile&uid3122
docID 9382
11766 
token 19:53:04
docID 8993
26992 
token https://www.youtube.com/watch?vt55rr_2o3i
docID 9382
8207 
token http://shield.nggaming.net/member.php?3252midomidi2013
docID 9382
10590 
token w1
docID 9511
223 259 
token 21:44:23
docID 9051
1948 
token 08:25:55
docID 9337
692 
token burkart
docID 9585
2 
token blecher
docID 9356
124 
token https://sites.google.com/site/servicescleaninig/cleaningglass
docID 9382
8987 
token whoknowshowlongago
docID 9549
504 
token tabulated
docID 9237
297 
token 21:44:05
docID 9452
4763 
token palata
docID 9571
1028 
token froud
docID 9287
579 
token 21:44:03
docID 9057
3258 
token http://mszuhaira.com
docID 9382
5748 
token kanninen
docID 9165
1203 
token 08:25:31
docID 9651
2439 
token ecole
docID 8993
3796 
token editdespite
docID 9411
853 
token commissioncalling
docID 9587
342 
token http://memelady.com/xe/index.php?midmeme&document_srl294604
docID 9382
6719 
token altarkclean
docID 9382
13138 13150 13163 13176 13189 13202 13215 13228 13238 13250 13330 13343 13355 13368 13382 13395 13408 13426 13439 13452 13464 13477 
token http://www.fbi.gov/ucr/cius2007/offenses/expanded_information/data/shrtable_09.html
docID 8993
23082 
token 14:17:56
docID 9498
3937 
token 15:28:13
docID 9008
3179 
token socscientist
docID 8997
84 
token 15:28:32
docID 9584
3727 
token 15:28:34
docID 9370
1359 
token kingdoms
docID 9283
188 
token 08:25:23
docID 9689
1980 
token 08:25:29
docID 9007
976 
token barbarasmith
docID 9488
2380 
token mayra
docID 9586
248 986 
token http://www.mstck.co.kr/index.php?midboard&document_srl103896
docID 9382
5987 
token larsonmaynard
docID 9687
1 
token 14:17:31
docID 9545
294 
token 01:21:47
docID 9349
1007 
token 10:28:22
docID 9305
744 
token http://localwiki.net/woodland/pioneer_self_storage
docID 9536
134 
token aprtment
docID 9578
1730 
token footed
docID 9111
174 
token mayos
docID 9031
102 
token 38.54442
docID 9417
4 
token http://knowyourmeme.com/memes/casuallypeppersprayeverythingcop
docID 9308
992 
token nearconstant
docID 9346
9 
token http://rayongprinter.com
docID 9382
7260 
token http://dspl.skku.ac.kr/xe/?midqa2&liststylegallery&page1&document_srl162221
docID 9382
11272 
token 20/20081020
docID 8993
17738 
token http://postmaster.hubby.co.kr/?midfree_board&document_srl603682
docID 9382
5152 
token ghorbanzadeh
docID 9619
1556 
token 16:47:22
docID 8985
2173 
token statemandated
docID 8993
11676 
token sarahenry
docID 9630
103 
token 19:53:52
docID 8993
9498 
token 11:44:25
docID 9344
433 
token ابها
docID 9382
8342 
token andersone
docID 9506
177 
token rootbeerish
docID 9091
764 
token 16:31:31
docID 9545
1132 
token lastditch
docID 9689
191 
token statemandated
docID 10373
978 
token sarahenry
docID 10162
1 
token ou
docID 10614
2019 
token 14:17:56
docID 10924
4624 
token ou
docID 11426
198 
token vn
docID 11791
49 90 220 263 298 469 505 537 736 747 799 
token mayra
docID 11327
0 22 452 
token nz
docID 12522
72 
token cirriculum
docID 13407
425 
token lubinski
docID 13142
88 
token p2
docID 13337
351 
token ou
docID 13250
29849 
token ic
docID 13288
2962 
docID 12844
87 
token ww
docID 12889
46 
token xe
docID 13088
3258 3261 
token 08:25:31
docID 13250
44256 
token edibility
docID 14184
2970 
token xe
docID 13692
265 442 917 
token mayra
docID 14241
69 380 
docID 13748
1 
token 19:53:52
docID 14137
1859 
token 16:31:31
docID 13981
562 
token alishatran
docID 14953
2869 
token goleta
docID 14669
1600 
token jn
docID 14670
1104 1721 1860 
token kr
docID 14725
102 
token ic
docID 14725
252 
token ww
docID 14957
357 
token tabulated
docID 14981
547 
token footed
docID 14405
3823 
token cz
docID 15585
774 
token 17:42:19
docID 15097
14968 
token golshani
docID 15507
4996 
token ww
docID 15474
188 
token blecher
docID 15724
279 
token rears
docID 16560
926 
token ww
docID 16535
241 
token mayra
docID 16432
772 1107 
token ghorbanzadeh
docID 16425
170 
