token http://bbs.urchineseclub.com/memberlist.php?modeviewprofile&u27782
docID 9382
10482 
token x18ry80
docID 9382
9632 
token https://www.youtube.com/watch?vlkdl23gzyfq&featureyoutu.be
docID 9382
8305 
token https://sites.google.com/site/servicescleaninig/cleaningkazanat
docID 9382
8981 
token http://www.cvimaging.org
docID 9382
7067 
token http://vapeoholics.net
docID 9382
7527 
token http://alenjaz.livejournal.com/407.html
docID 9382
11829 
token http://bandithq.net/index.php?actionprofile;u4099
docID 9382
10548 
token http://essence.net
docID 9382
10732 
token https://groups.diigo.com/group/cleaningcompanyandglassfacadesinriyadh
docID 9382
4727 
token http://designerbrain.org
docID 9382
6905 
token نقل
docID 9382
351 485 490 1147 2010 2143 3587 4286 4390 4601 4624 4681 7876 7881 7886 7891 7896 7901 7906 7911 7916 7921 7926 7931 7936 7941 7946 7951 7956 7961 7966 7971 7976 7981 7986 7991 7996 8001 8006 8011 8016 8021 8075 8130 8135 8190 8197 8203 8209 8215 8221 8227 8233 8240 8246 8252 8258 8264 8275 8283 8291 8299 8307 8313 8321 8329 8337 8345 8817 8848 8866 9196 9405 10408 11861 12159 12300 13114 13119 13403 13416 13553 14670 14848 14963 14973 14994 15134 15149 15347 15367 15639 15985 16520 16673 16753 16782 16793 17136 17295 17306 17329 17348 
token http://forum2.vilenicacistoca.ba/viewtopic.php?p54344#54344
docID 9382
7894 
token http://funnyham.com/xe/index.php?midboard_ruvr18&document_srl234293
docID 9382
5707 
token http://www.saukvalleysportbikes.com/index.php?topic1103112.0
docID 9382
11682 
token http://cinderellafit.co.kr/xe/index.php?midbrand_lenz&document_srl202782
docID 9382
5177 
token https://www.youtube.com/watch?v0v2ogyoykd0&featureyoutu.be
docID 9382
16976 
token http://www.c4cheats.com
docID 9382
7131 
token http://forum.shaiyatrend.com
docID 9382
16769 
token http://www.altarkclean.net
docID 9382
14622 14623 
token https://www.youtube.com/watch?vey4vqwwmkuc&featureyoutu.be
docID 9382
8289 
token altervista
docID 9382
7283 
token ابغي
docID 9382
14688 
token 6830
docID 9382
13359 
token http://snaphd.com/forums/viewtopic.php?f2&t94299
docID 9382
6980 
token http://lookforhosting.net/viewtopic.php?f13&t217644&sidaa20d57342190db7a48a96534b8e53ae
docID 9382
8004 
token http://cieg.ca/xe/index.php?midv_community04_c&document_srl7303536
docID 9382
4897 4902 
token شمال
docID 9382
8205 
token http://www.maniadevelopment.com/forum/memberlist.php?modeviewprofile&u4411
docID 9382
4844 
token http://www.www.coffeethesol.com/xe/?midbodex&search_targettag&search_keywordtax&document_srl174396
docID 9382
5172 
token https://forum.tst.gov.br/viewtopic.php?p503#503
docID 9382
10500 
token http://it.dsu.ac.kr/index.php?midhak_06&page22&document_srl292
docID 9382
11267 
token moodle
docID 9382
10906 
token http://forums.mozillazine.org/viewtopic.php?f39&t2757275
docID 9382
11196 
token https://groups.diigo.com/group/cleaningcompanyboardsinriyadh
docID 9382
4733 
token http://flexbot.cc/wiki/index.php?titleuser:midomidi2013
docID 9382
12016 
token http://forum.octaviaclub.pl
docID 9382
11225 
token http://astronomiacolombiana.com/index.php?topic189145.0
docID 9382
7060 
token lamborghinicarclub
docID 9382
8080 
token عزل
docID 9382
880 1393 2527 3042 3935 4701 8971 8977 10069 10141 10432 11638 12078 12533 13107 13197 13223 14734 14744 14874 15120 15189 16437 16894 16927 16993 17131 
token http://www.beijing111.com/forum.php?modviewthread&tid25497&extra
docID 9382
7617 
token http://boy15.com/index.php?midboard_ypiw18&document_srl527450
docID 9382
6358 
token http://travelusa.co.kr/xe/?ckattempt1&midqna&document_srl350484
docID 9382
6713 
token http://forum.radiochopin.com/forum/viewtopic.php?f2&t610451&sid7ce674851ee5f5a3b1037a00d9e29ca7
docID 9382
6729 
token http://www.nevermind.fr
docID 9382
7674 
token بالرياض
docID 9382
4 9 14 19 24 29 34 39 44 49 54 59 64 69 74 79 90 103 116 122 127 132 137 142 210 310 353 401 446 487 492 553 594 642 692 735 784 835 882 934 986 1035 1095 1144 1149 1250 1308 1346 1445 1490 1541 1590 1637 1691 1746 1810 1969 2012 2057 2102 2145 2206 2244 2289 2339 2382 2431 2482 2529 2581 2630 2679 2739 2788 2889 2947 2993 2998 3094 3139 3190 3239 3286 3417 3472 3536 3590 3663 3987 4095 4140 4237 4288 4345 4392 4492 4533 4598 4603 4616 4621 4626 4640 4652 4665 4678 4683 4688 4693 4698 4703 4708 4721 4726 4732 4737 4753 4758 4763 4768 4773 4778 4783 4788 4793 4798 4803 4808 4813 4818 4823 4828 4833 4838 4843 4848 4853 4858 4863 4868 4873 4878 4883 4896 4901 4906 4911 4916 4921 4926 4931 4936 4941 4946 4951 4956 4961 4966 4971 4976 4981 4986 4991 4996 5015 5020 5025 5030 5035 5040 5045 5050 5055 5101 5106 5111 5116 5121 5126 5131 5136 5141 5146 5151 5156 5161 5166 5171 5176 5181 5186 5191 5196 5201 5206 5211 5216 5221 5226 5231 5236 5241 5246 5251 5256 5261 5266 5271 5276 5281 5286 5291 5296 5301 5306 5311 5316 5321 5326 5331 5336 5341 5346 5351 5356 5361 5366 5371 5376 5381 5386 5391 5396 5406 5411 5416 5421 5426 5431 5436 5441 5446 5451 5456 5461 5466 5471 5476 5481 5496 5501 5506 5511 5516 5521 5526 5531 5536 5541 5546 5551 5556 5561 5566 5571 5576 5581 5586 5591 5596 5601 5606 5611 5616 5626 5631 5636 5641 5646 5651 5656 5661 5666 5671 5676 5681 5686 5691 5696 5701 5706 5711 5716 5721 5726 5731 5736 5741 5746 5753 5760 5765 5770 5777 5782 5805 5810 5815 5820 5825 5830 5835 5840 5845 5871 5876 5881 5886 5891 5896 5901 5906 5911 5916 5921 5926 5931 5936 5941 5946 5951 5956 5961 5966 5971 5976 5981 5986 5991 5996 6044 6095 6100 6105 6110 6115 6120 6125 6130 6135 6140 6145 6150 6155 6160 6165 6170 6175 6180 6185 6190 6195 6200 6205 6210 6215 6220 6225 6230 6235 6240 6245 6250 6255 6260 6265 6270 6275 6280 6285 6290 6295 6300 6305 6310 6315 6321 6327 6339 6345 6351 6357 6363 6369 6375 6381 6387 6393 6399 6405 6411 6417 6423 6429 6435 6441 6447 6453 6459 6465 6471 6477 6483 6489 6495 6501 6506 6511 6707 6712 6718 6724 7803 7808 7813 7818 7823 7828 7833 7838 7843 7848 7853 7858 7863 7868 7873 7878 7883 7888 7893 7898 7903 7908 7913 7918 7923 7928 7933 7938 7943 7948 7953 7958 7963 7968 7973 7978 7983 7988 7993 7998 8003 8008 8013 8018 8023 8077 8132 8137 8192 8229 8235 8248 8360 8365 8370 8375 8380 8385 8390 8395 8400 8405 8410 8415 8420 8808 8825 8831 8838 8844 8850 8856 8862 8868 8873 8877 8881 8922 8931 8937 8943 8949 8955 8961 8967 8973 8979 8985 8992 9076 9152 9198 9268 9342 9407 9481 9555 9625 9697 9769 9853 9923 9999 10071 10143 10224 10300 10357 10364 10370 10376 10382 10387 10392 10398 10404 10410 10416 10422 10428 10434 10440 10445 10450 10455 10460 10465 10475 10488 10493 10506 10511 10516 10521 10529 10745 10750 10755 10766 10771 10776 10781 10786 10791 10796 10858 10899 10904 10971 10976 10981 10986 10995 11000 11008 11013 11018 11023 11030 11035 11040 11045 11067 11072 11077 11082 11121 11170 11175 11180 11185 11234 11239 11250 11261 11266 11271 11276 11333 11368 11373 11378 11383 11388 11393 11449 11454 11459 11515 11520 11525 11559 11564 11568 11610 11614 11618 11622 11628 11644 11649 11654 11659 11665 11669 11673 11677 11681 11685 11689 11693 11721 11725 11729 11733 11737 11741 11745 11749 11753 11757 11761 11765 11770 11775 11780 11785 11790 11795 11800 11805 11810 11823 11828 11833 11838 11931 12015 12020 12080 12156 12161 12266 12302 12390 12458 12535 12602 12673 12744 12820 12990 13109 13116 13121 13130 13135 13147 13173 13186 13199 13212 13225 13247 13259 13327 13340 13352 13365 13379 13392 13405 13418 13423 13436 13449 13461 13474 13487 13493 13563 13633 13698 13805 13861 13907 13965 14235 14265 14315 14343 14371 14395 14457 14461 14494 14544 14551 14560 14621 14630 14635 14647 14652 14657 14662 14667 14672 14677 14681 14686 14691 14696 14701 14706 14711 14716 14721 14726 14731 14736 14741 14746 14754 14760 14766 14834 14839 14845 14851 14857 14871 14876 14881 14889 14894 14955 14960 14965 14970 14975 14985 14991 14996 15001 15006 15011 15075 15080 15090 15097 15102 15107 15112 15117 15122 15131 15136 15141 15146 15151 15157 15161 15166 15171 15176 15181 15186 15191 15196 15201 15206 15212 15217 15225 15231 15236 15241 15309 15314 15319 15324 15329 15334 15339 15344 15349 15354 15359 15364 15369 15377 15382 15387 15472 15543 15587 15641 15675 15737 15807 15863 15925 15987 16061 16135 16201 16265 16321 16397 16398 16403 16439 16444 16512 16517 16522 16596 16670 16790 16795 16863 17138 17218 17303 17308 17321 17326 17331 17345 17350 17365 17382 17387 17392 
token http://ijnet.org/users/39659
docID 9382
11202 
token اصلاح
docID 9382
3375 
token 32402
docID 9382
7356 
token b60540736424
docID 9382
9127 9243 9317 9382 9456 9530 9600 9672 9828 9898 9974 10046 10118 10275 
token http://cstrikecommunity.net76.net/forum/index.php?actionprofile;u10546
docID 9382
11851 
token http://gameshuffler.com/profile/232763/midomidi2013.html
docID 9382
11834 
token 36256
docID 9382
8084 
token http://www.stolenstuff.us/phpbb/viewtopic.php?f1&t31426
docID 9382
7339 
token شقق
docID 9382
641 2288 4664 8942 9624 10403 12601 13435 14137 14394 14656 15089 15165 15343 15924 16867 16969 17364 
token http://www.proortodoxia.ro/forum/index.php?topic922026.0
docID 9382
11379 
token http://www.starkeybusan.com/?midcustom&document_srl175560
docID 9382
5342 
token https://www.youtube.com/watch?vcjeafjluj9i
docID 9382
16925 
token http://www.instablood.com/index.php?topic297162.0
docID 9382
7058 
token 3672
docID 9382
13430 
token http://forums.hackyoureverything.com
docID 9382
7069 
token http://biteofben.com
docID 9382
7278 
token http://cheater411.com/forum/index.php?actionprofile;u550
docID 9382
10576 
token http://forum.ericsstore.com/index.php?topic200971.0
docID 9382
10671 
token شفط
docID 9382
1248 2887 4751 13245 15223 16922 17126 
token http://bfparty.co.kr/xe/?midgallery_33&page49&document_srl497151
docID 9382
5872 
token http://www.heemang21.net/index.php?midsupportbbs&document_srl1071994
docID 9382
6436 
token http://forum.octaviaclub.pl/profile.php?modeviewprofile&u45913
docID 9382
11224 
token http://www.promoroll.co.kr
docID 9382
6728 
token viewthread
docID 9382
7042 
token لتخزين
docID 9382
3660 14854 
token http://www.realmlegacy.com
docID 9382
10583 
token جلي
docID 9382
733 2380 4686 13350 14694 15174 16876 16978 17385 
token http://foroautogas.redmadrid.es/index.php?topic105227.0
docID 9382
6910 
token https://www.youtube.com/watch?vszrbegfqaw&featureyoutu.be
docID 9382
8356 
token knigakan
docID 9382
11281 
token http://www.onlineasta.com/forum/index.php?topic219298.0
docID 9382
6674 
token http://katalog.database.bmkg.go.id/forum/viewtopic.php?f3&t823648&sidc0907857f8d11aadcd9a652049ab3cc8
docID 9382
7884 
token السناجب
docID 9382
8419 
token http://alenjaz.livejournal.com/profile
docID 9382
10507 
token http://forum.friendship.com.vn
docID 9382
7616 
token http://todayshealthsite.com/todayshealthchat/topic.php?id2205609
docID 9382
4987 
token http://queensflowers.ca/xe/?midspecial&page2&document_srl577
docID 9382
11230 
token 127202
docID 9382
11285 
token https://www.goodreads.com/user/show/31288657remashaytham
docID 9382
11776 
token http://bananamoonproject.com/xe/?midboard&document_srl13446831
docID 9382
4859 
token http://www.youtube.com/watch?vcouqpjnyfe&featureyoutu.be
docID 9382
14755 
token https://www.youtube.com/watch?vtgn_tgf6mh4
docID 9382
14877 
token http://forum.btepdesign.com/viewtopic.php?f5&t254364
docID 9382
7914 
token http://77usa.com/thread37819311.html
docID 9382
7052 
token المن
docID 9382
8389 
token tanzefsukkinryadh
docID 9382
4658 
token http://proair.co.kr/xe/index.php?midboard_vkig63&document_srl136792
docID 9382
5967 
token http://designerbrain.org/index.php?topic812755.0
docID 9382
6904 
token http://207.7.94.67/index.php?topic43592.0
docID 9382
7969 
token http://mychesna.com/xe/?midgallery&document_srl84600
docID 9382
6256 
token http://renospiration.com/forum/memberlist.php?modeviewprofile&u35706
docID 9382
11226 
token http://www.fmm24.com
docID 9382
7798 
token http://elenjaz.com/?p44
docID 9382
14997 
token http://bbs.enclub.biz
docID 9382
6917 
token srl82498
docID 9382
5867 
token http://elapaz.org/xe/?midfotocolegio&liststylegallery&page10&document_srl1788084
docID 9382
4769 
token http://palmcorp.co.kr/xe/index.php?midboard&document_srl555619
docID 9382
5932 
token nvslabsc
docID 9382
6561 6606 
token http://999names.co.kr/xe/?midboard05&document_srl170413
docID 9382
6301 
token 1/267424980075644
docID 9382
8528 
token http://enginstpetcarrieres.meterrec.com
docID 9382
7055 
token http://devindiv.com
docID 9382
8194 
token http://forum.cyberfuture.ru/viewtopic.php?f12&t239108
docID 9382
7629 
token https://www.youtube.com/watch?v7bbjkttgxuc&featureyoutu.be
docID 9382
10372 
token http://www.pinterest.com/alengaz/
docID 9382
11781 
token http://alawal0566398004.weebly.com/
docID 9382
10512 
token للتنظيف
docID 9382
12310 
token http://www.heartcoaching.org/xe/index.php?midleemclasspic&document_srl177509
docID 9382
6226 
token http://www.muasum.com/index.php?actionprofile;u57
docID 9382
2103 
token http://forum.enerchem.de
docID 9382
6927 
token http://standartmusic.com/index.php?midboard&document_srl517645&page1
docID 9382
5742 
token http://elenjaz.com/?p31
docID 9382
15093 
token b60566884259
docID 9382
9746 10201 
token http://community.aditoolkit.co.uk/showthread.php?t16613&p19305#post19305
docID 9382
7661 
token http://www.skkucri.ac.kr/zbxe/home/dispmemberinfo
docID 9382
11212 
token http://www.agasesang.net/xe/index.php?midfreeboard1&document_srl286116
docID 9382
6271 
token شركة
docID 9382
1 6 11 16 21 26 31 36 41 46 51 56 61 66 71 76 87 100 113 118 124 129 134 139 207 307 350 398 443 484 489 549 592 639 689 732 781 832 879 931 983 1032 1091 1141 1146 1247 1304 1344 1442 1487 1538 1587 1634 1688 1743 1806 1966 2009 2054 2099 2142 2202 2242 2286 2336 2379 2428 2479 2526 2578 2627 2676 2735 2785 2886 2943 2991 2995 3091 3136 3187 3236 3283 3469 3532 3586 3984 4137 4234 4595 4600 4613 4618 4623 4636 4650 4662 4675 4680 4685 4690 4695 4700 4705 4718 4723 4728 4734 4750 4755 4760 4765 4770 4775 4780 4785 4790 4795 4800 4805 4810 4815 4820 4825 4830 4835 4840 4845 4850 4855 4860 4865 4870 4875 4880 4893 4898 4903 4908 4913 4918 4923 4928 4933 4938 4943 4948 4953 4958 4963 4968 4973 4978 4983 4988 4993 5012 5017 5022 5027 5032 5037 5042 5047 5052 5098 5103 5108 5113 5118 5123 5128 5133 5138 5143 5148 5153 5158 5163 5168 5173 5178 5183 5188 5193 5198 5203 5208 5213 5218 5223 5228 5233 5238 5243 5248 5253 5258 5263 5268 5273 5278 5283 5288 5293 5298 5303 5308 5313 5318 5323 5328 5333 5338 5343 5348 5353 5358 5363 5368 5373 5378 5383 5388 5393 5403 5408 5413 5418 5423 5428 5433 5438 5443 5448 5453 5458 5463 5468 5473 5478 5493 5498 5503 5508 5513 5518 5523 5528 5533 5538 5543 5548 5553 5558 5563 5568 5573 5578 5583 5588 5593 5598 5603 5608 5613 5623 5628 5633 5638 5643 5648 5653 5658 5663 5668 5673 5678 5683 5688 5693 5698 5703 5708 5713 5718 5723 5728 5733 5738 5743 5750 5757 5762 5767 5774 5779 5802 5807 5812 5817 5822 5827 5832 5837 5842 5868 5873 5878 5883 5888 5893 5898 5903 5908 5913 5918 5923 5928 5933 5938 5943 5948 5953 5958 5963 5968 5973 5978 5983 5988 5993 6041 6092 6097 6102 6107 6112 6117 6122 6127 6132 6137 6142 6147 6152 6157 6162 6167 6172 6177 6182 6187 6192 6197 6202 6207 6212 6217 6222 6227 6232 6237 6242 6247 6252 6257 6262 6267 6272 6277 6282 6287 6292 6297 6302 6307 6312 6317 6323 6335 6341 6347 6353 6359 6365 6371 6377 6383 6389 6395 6401 6407 6413 6419 6425 6431 6437 6443 6449 6455 6461 6467 6473 6479 6485 6491 6497 6503 6508 6703 6709 6714 6720 7800 7805 7810 7815 7820 7825 7830 7835 7840 7845 7850 7855 7860 7865 7870 7875 7880 7885 7890 7895 7900 7905 7910 7915 7920 7925 7930 7935 7940 7945 7950 7955 7960 7965 7970 7975 7980 7985 7990 7995 8000 8005 8010 8015 8020 8074 8129 8134 8189 8196 8208 8214 8220 8226 8232 8239 8245 8251 8257 8263 8269 8274 8282 8290 8298 8306 8312 8320 8328 8336 8344 8357 8362 8367 8372 8377 8382 8387 8392 8397 8402 8407 8412 8417 8532 8588 8633 8699 8750 8800 8805 8810 8816 8822 8827 8834 8841 8847 8853 8859 8865 8871 8875 8879 8920 8928 8934 8940 8946 8952 8958 8964 8970 8976 8982 8988 9072 9149 9195 9265 9339 9404 9478 9552 9622 9694 9766 9850 9920 9996 10068 10140 10221 10297 10353 10360 10367 10373 10379 10384 10389 10395 10401 10407 10413 10419 10425 10431 10437 10443 10447 10452 10457 10462 10473 10485 10490 10503 10508 10513 10518 10526 10742 10747 10752 10763 10768 10773 10778 10783 10788 10793 10855 10896 10901 10968 10973 10978 10983 10992 10997 11005 11010 11015 11020 11027 11032 11037 11042 11064 11069 11074 11079 11118 11167 11172 11177 11182 11231 11236 11247 11258 11263 11268 11273 11330 11365 11370 11375 11380 11385 11390 11446 11451 11456 11512 11517 11522 11556 11561 11566 11608 11612 11616 11620 11626 11641 11646 11651 11656 11663 11667 11671 11675 11679 11683 11687 11691 11719 11723 11727 11731 11735 11739 11743 11747 11751 11755 11759 11763 11767 11772 11777 11782 11787 11792 11797 11802 11807 11820 11825 11830 11835 11854 11860 11928 12012 12017 12077 12153 12158 12263 12299 12304 12309 12313 12387 12455 12532 12599 12670 12741 12817 12905 12987 13041 13046 13106 13113 13118 13128 13132 13143 13157 13170 13183 13196 13209 13222 13244 13256 13324 13336 13349 13362 13375 13389 13402 13415 13433 13446 13458 13471 13484 13490 13552 13560 13630 13694 13802 13904 13962 14048 14135 14226 14232 14262 14312 14340 14368 14392 14454 14459 14492 14541 14548 14557 14618 14627 14632 14643 14649 14654 14659 14664 14669 14674 14679 14683 14689 14693 14698 14703 14708 14713 14718 14723 14728 14733 14738 14743 14751 14756 14762 14831 14836 14841 14847 14878 14891 14952 14957 14987 14993 14998 15003 15008 15072 15077 15087 15094 15100 15104 15109 15114 15119 15128 15133 15138 15143 15148 15153 15159 15163 15168 15173 15178 15183 15188 15193 15198 15203 15208 15214 15222 15227 15233 15238 15306 15311 15316 15321 15326 15331 15336 15341 15346 15351 15356 15361 15366 15374 15384 15468 15539 15584 15638 15672 15734 15804 15860 15922 15984 16058 16132 16198 16262 16318 16394 16400 16436 16441 16509 16514 16519 16593 16667 16672 16752 16758 16764 16771 16776 16781 16786 16792 16860 16865 16870 16875 16888 16893 16898 16903 16910 16916 16921 16926 16931 16936 16941 16946 16952 16957 16963 16967 16972 16977 16982 16987 16992 17043 17048 17053 17058 17103 17108 17114 17119 17125 17130 17135 17142 17147 17215 17294 17300 17305 17318 17323 17328 17341 17347 17362 17379 17384 17389 17394 
token https://www.youtube.com/watch?vss8wyu3y2tc
docID 9382
14961 
token http://www.bbbiz.co.kr/?midbbb_qna&document_srl390966
docID 9382
6211 
token pizzaaplus
docID 9382
5399 
token http://isocialengine2.socialengineexpert.com/profile/10240
docID 9382
11019 
token http://forum.ationline.asia/viewtopic.php?f3&t81651
docID 9382
11678 
token http://www.alaskalife.org
docID 9382
6677 
token http://biteofben.com/forums/viewtopic.php?f7&t35408&p48746#p48746
docID 9382
7277 
token http://www.biggerwallpapers.com/profile/midomidi2013
docID 9382
11009 
token http://tolopaccc.friko.pl/forum/topict2984.html
docID 9382
7472 
token http://www.youtube.com/watch?vqtrgulrmmf0&featureyoutu.be
docID 9382
14668 
token افضل
docID 9382
13156 13169 13182 13195 13208 13221 13348 13361 13374 13388 13401 13414 13432 13445 13457 13470 13483 13489 15099 
token https://twitter.com/clean_carpeting
docID 9382
15315 
token http://heartmom.co.kr/xe/index.php?midfreeboard&document_srl221630
docID 9382
5242 
token http://www.deancleaners.com/xe/?midbusi005&liststylelist&document_srl13441
docID 9382
6430 
token http://scirehab.com
docID 9382
11844 
token keypic
docID 9382
11696 
token http://rekar.biz
docID 9382
11661 
token http://os.everlinks.co.kr/index.php?midqna&document_srl479416
docID 9382
5632 
token http://www.yeasung.com/xe/p_bbs/63998
docID 9382
5552 
token http://morcisgaming.comm
docID 9382
6693 
token http://vapeoholics.net/index.php?topic122265.0
docID 9382
7526 
token https://www.youtube.com/watch?vopw_nkpis6q&featureyoutu.be
docID 9382
8319 
token https://www.flickr.com/groups/2483219@n24/rules/
docID 9382
11055 
token السحالي
docID 9382
8379 
token http://wakeupnowforum.com
docID 9382
7038 
token http://forums.cjindie.org/viewtopic.php?f7&t77142
docID 9382
8009 
token https://groups.diigo.com/group/companyisolatetanksinriyadh
docID 9382
4699 
