token secretive-donors-gave-us-climate-denial-groups-125m-over-three-years
docID 25305
1085 
token republican-presidential-debate-trump-rubio-cruz-fox-news-detroit-live
docID 25331
4395 7658 
token 19th-ranked
docID 25206
1433 
token 3ablock-5861f5bee4b06265ff0d7243
docID 25144
5547 5591 5619 5660 5704 5732 
token pathologizing
docID 25325
508 
token 2f17c7b1f3798cc3b0a308e9018123923de12901a6
docID 25223
894 983 
token four-under
docID 25260
231 
token fourth-v-third-from-last-season
docID 25256
874 
token co-sanctioned
docID 25230
322 
token 3ablock-55ff2934e4b024facf8de775
docID 25311
2820 2860 2888 2929 2969 2997 
token sucrosiers
docID 25341
516 
token watford-chelsea-premier-league-match-report
docID 25286
434 
token article-2705149
docID 25267
668 
token ofwho
docID 25298
235 
token minima
docID 25117
1571 
token battery-like
docID 25173
274 
token milan-san-remo-winner-rejects-towed
docID 25348
118 
token housework-twice-the-burden-for-women-20130516-2jpc4
docID 25271
66 
token dinardo
docID 25142
2826 8630 
token ridings
docID 25314
807 
token vanishment
docID 25127
26 
token entermichael
docID 25114
314 
token bryon
docID 25162
1731 
token 23block-58524b32e4b03f6fe32695ed
docID 25316
11857 11897 11925 11966 12006 12034 
token 23block-57f16114e4b0ab0063087380
docID 25169
10820 10862 10890 10931 10973 11001 
token sayed-abdellatif-daughters-realise-hsc-dream-university-hopes-dashed
docID 25290
345 
token 57418443720
docID 25162
1075 
token 20nomad
docID 25224
356 396 686 726 1163 1203 1776 1816 
token 2f8dbc5205-e31c-4bf1-88dc-88a6c9c8c8a2-2060x1236
docID 25098
521 627 
token netflix-channel-4-charlie-brooker-black-mirror
docID 25315
226 
token 810583247138779136
docID 25328
3639 3649 16952 16962 
token self-storage
docID 25224
1685 
token seesooty
docID 25259
1459 
token personal-view
docID 25273
2287 3396 
token ridercame
docID 25348
103 
token 2faustralia-v-pakistan-second-test-day-two-live
docID 25144
86 130 158 199 243 271 601 645 673 714 758 786 864 908 936 977 1021 1049 1219 1263 1291 1332 1376 1404 1539 1583 1611 1652 1696 1724 2000 2044 2072 2113 2157 2185 2359 2403 2431 2472 2516 2544 2667 2711 2739 2780 2824 2852 2942 2986 3014 3055 3099 3127 3227 3271 3299 3340 3384 3412 3581 3625 3653 3694 3738 3766 3904 3948 3976 4017 4061 4089 4195 4239 4267 4308 4352 4380 4545 4589 4617 4658 4702 4730 4872 4916 4944 4985 5029 5057 5185 5229 5257 5298 5342 5370 5540 5584 5612 5653 5697 5725 5922 5966 5994 6035 6079 6107 6273 6317 6345 6386 6430 6458 6678 6722 6750 6791 6835 6863 7008 7052 7080 7121 7165 7193 7333 7377 7405 7446 7490 7518 7642 7686 7714 7755 7799 7827 7901 7945 7973 8014 8058 8086 8164 8208 8236 8277 8321 8349 8461 8505 8533 8574 8618 8646 8765 8809 8837 8878 8922 8950 9059 9103 9131 9172 9216 9244 9385 9429 9457 9498 9542 9570 9660 9704 9732 9773 9817 9845 9946 9990 10018 10059 10103 10131 10220 10264 10292 10333 10377 10405 10529 10573 10601 10642 10686 10714 10866 10910 10938 10979 11023 11051 11185 11229 11257 11298 11342 11370 11494 11538 11566 11607 11651 11679 11922 11966 11994 12035 12079 12107 12212 12256 12284 12325 12369 12397 12522 12566 12594 12635 12679 12707 12838 12882 12910 12951 12995 13023 13148 13192 13220 13261 13305 13333 13455 13499 13527 13568 13612 13640 13743 13787 13815 13856 13900 13928 14060 14104 14132 14173 14217 14245 14340 14384 14412 14453 14497 14525 
token money-in-the-bank
docID 25179
74 
token fine-sounding
docID 25107
5 
token cslforum
docID 25220
58 
token 2f56c56ecf-c747-48a9-b6d9-590e013ee3be-2060x1236
docID 25325
1293 1390 
token double-team
docID 25144
3818 15831 
token 3ablock-5601d49de4b0da121189d94f
docID 25142
2930 2969 2997 3038 3077 3105 
token alsoaims
docID 25158
198 
token prunty
docID 25160
226 
token gc4ybviicy
docID 25144
8723 8727 17313 17317 
token panguna
docID 25184
91 
token 142202379163151
docID 25321
993 
token 3ablock-585259d1e4b0d14acd717ce5
docID 25316
7002 7042 7070 7111 7151 7179 
token 3ablock-5856ebfbe4b0010b9dd830d3
docID 25328
5875 5919 5947 5988 6032 6060 
token pavão
docID 25174
136 
token 2f4d958be4c72d9023e17f81b5efcd5baaf01b6a46
docID 25237
1221 1304 
token 305095
docID 25228
525 
token careys
docID 25204
73 
token congressionalethics
docID 25320
36 
token lecka
docID 25169
10782 17220 
token 5977560
docID 25184
967 
token uk-aid-watchdog-slams-dfid-over-naive-security-and-justice-initiatives
docID 25133
262 
token federal-budget-fails-to-deliver-for-indigenous-health-to-put-it-politely
docID 25271
543 
token danny-willett-gets-what-expected-ryder-cup
docID 25157
386 
token al-sunna
docID 25281
741 
token sdhh3p5wfg
docID 25324
491 495 
token 705604101669851136
docID 25331
2057 2066 6936 6945 
token mattmuller5
docID 25228
686 
token bryar
docID 25306
245 
token 3ablock-56ca90aae4b0f2fd18cafdf7
docID 25231
4787 4829 4857 4898 4940 4968 
token cfecfw
docID 25261
1036 
token ronnie-osullivan-snooker-bbc-spoty-insult
docID 25328
10195 18701 
token zv9dnpkfak0
docID 25352
1141 
token buero
docID 25207
492 
token segregating
docID 25288
296 
token falsies
docID 25155
1820 3507 3777 
token 3ablock-586f408de4b081b2b4eda99a
docID 25110
1969 2010 2038 2079 2120 2148 
token 3ablock-5861bb49e4b0d460757ecdb2
docID 25144
13750 13794 13822 13863 13907 13935 
token bmf
docID 25106
93 
token thecontact
docID 25165
643 
token 23block-56caa906e4b041c56e71d5c0
docID 25231
863 905 933 974 1016 1044 
token blk
docID 25325
247 
token boc
docID 25186
58 242 326 348 
token kert
docID 25305
229 
token kalucy
docID 25316
14395 19751 
token uk-england-38343063
docID 25314
1474 
token 2faustralia-v-pakistan-third-test-day-four-live
docID 25110
317 358 386 427 468 496 666 707 735 776 817 845 984 1025 1053 1094 1135 1163 1308 1349 1377 1418 1459 1487 1654 1695 1723 1764 1805 1833 1962 2003 2031 2072 2113 2141 2249 2290 2318 2359 2400 2428 2573 2614 2642 2683 2724 2752 2829 2870 2898 2939 2980 3008 3102 3143 3171 3212 3253 3281 3418 3459 3487 3528 3569 3597 3765 3806 3834 3875 3916 3944 4092 4133 4161 4202 4243 4271 4371 4412 4440 4481 4522 4550 4654 4695 4723 4764 4805 4833 5058 5099 5127 5168 5209 5237 5391 5432 5460 5501 5542 5570 5751 5792 5820 5861 5902 5930 6203 6244 6272 6313 6354 6382 6479 6520 6548 6589 6630 6658 6775 6816 6844 6885 6926 6954 7106 7147 7175 7216 7257 7285 7451 7492 7520 7561 7602 7630 7714 7755 7783 7824 7865 7893 8141 8182 8210 8251 8292 8320 8510 8551 8579 8620 8661 8689 8804 8845 8873 8914 8955 8983 9041 9082 9110 9151 9192 9220 9463 9504 9532 9573 9614 9642 9864 9905 9933 9974 10015 10043 10285 10326 10354 10395 10436 10464 10603 10644 10672 10713 10754 10782 10929 10970 10998 11039 11080 11108 11248 11289 11317 11358 11399 11427 11700 11741 11769 11810 11851 11879 12033 12074 12102 12143 12184 12212 12329 12370 12398 12439 12480 12508 12637 12678 12706 12747 12788 12816 12919 12960 12988 13029 13070 13098 
token 3ablock-5861bcd6e4b0d460757ecdbe
docID 25144
13155 13199 13227 13268 13312 13340 
token david-astor-a-life-in-print-jeremy-lewis-review-biography
docID 25329
1265 
token neraida
docID 25303
234 
token 23block-57f163e3e4b015be638337b9
docID 25169
9633 9675 9703 9744 9786 9814 
token mandatory-credit-anton-want-allsport-news-photo
docID 25162
1043 
token jcy7s3u749q
docID 25243
2079 
token 2fryder-cup-2016-sunday-singles-live-rory-mcilroy-patrick-reed
docID 25169
47 89 117 158 200 228 314 356 384 425 467 495 773 815 843 884 926 954 1097 1139 1167 1208 1250 1278 1390 1432 1460 1501 1543 1571 1718 1760 1788 1829 1871 1899 1977 2019 2047 2088 2130 2158 2364 2406 2434 2475 2517 2545 2706 2748 2776 2817 2859 2887 3088 3130 3158 3199 3241 3269 3421 3463 3491 3532 3574 3602 3762 3804 3832 3873 3915 3943 4052 4094 4122 4163 4205 4233 4403 4445 4473 4514 4556 4584 4693 4735 4763 4804 4846 4874 5062 5104 5132 5173 5215 5243 5338 5380 5408 5449 5491 5519 5712 5754 5782 5823 5865 5893 6083 6125 6153 6194 6236 6264 6495 6537 6565 6606 6648 6676 6917 6959 6987 7028 7070 7098 7332 7374 7402 7443 7485 7513 7602 7644 7672 7713 7755 7783 7977 8019 8047 8088 8130 8158 8287 8329 8357 8398 8440 8468 8596 8638 8666 8707 8749 8777 8890 8932 8960 9001 9043 9071 9237 9279 9307 9348 9390 9418 9625 9667 9695 9736 9778 9806 9984 10026 10054 10095 10137 10165 10350 10392 10420 10461 10503 10531 10812 10854 10882 10923 10965 10993 11207 11249 11277 11318 11360 11388 11654 11696 11724 11765 11807 11835 12031 12073 12101 12142 12184 12212 12403 12445 12473 12514 12556 12584 12838 12880 12908 12949 12991 13019 13265 13307 13335 13376 13418 13446 
token women-s-participation-helps-businesses-and-economy-thrive
docID 25276
710 
token bloodborne
docID 25239
526 747 
token bogeys
docID 25194
7 161 
docID 25254
244 
token 3ablock-585064f6e4b025760cee48c8
docID 25337
4874 4915 4943 4984 5025 5053 
token industrial-town
docID 25216
63 
token reggia_di_caserta-1
docID 25227
1647 
token bcl
docID 25184
54 89 134 229 275 
token 737841983847206913
docID 25274
330 339 
token reallyusefultheatres
docID 25165
882 
token 2fotto-bloom-film-maker-cris-jones-on-the-curious-case-of-living-life-in-reverse
docID 25263
561 617 660 
token its-time-australians-looked-more-closely-at-our-privileged-ruling-class
docID 25183
778 
token then-neophyte
docID 25135
1121 
token arch-coal-made-10000-gift-to-energy-environment-legal
docID 25305
1161 
token breitner
docID 25197
91 
token 817237060297826304
docID 25110
10571 10580 16776 16785 
token bfc
docID 25216
2210 
token dirceu
docID 25171
683 
token tassles
docID 25280
823 
token tadcaster
docID 25314
1272 
token ygwq
docID 25178
254 274 295 
token danzón
docID 25311
8 164 5075 
token sosadtoday-twitters-secret-superstar-speaks-for-the-first-time-20140528
docID 25119
880 
token bougainvilleans
docID 25184
105 
token 2fa-year-after-the-deluge-york-is-still-counting-the-cost
docID 25314
348 403 445 900 955 997 
token risk-premium
docID 25220
303 
token koepanger
docID 25258
499 
token data-point
docID 25271
65 
token concert-master
docID 25229
93 
token 3ablock-5856f8a2e4b08386c3102fd5
docID 25328
1598 1642 1670 1711 1755 1783 
token 23block-585065abe4b0e02f2b16bd6a
docID 25337
4569 4610 4638 4679 4720 4748 
token 2fe208f2e6-ed3a-40a9-b110-89921bc6e2d1-2060x1236
docID 25138
1379 1470 
token fa-wales-statement
docID 25219
221 
token catalyst's
docID 25308
425 
token world-middle-east-17793857
docID 25212
102 
token 3ablock-55ff28b2e4b00e7fa1597fb4
docID 25311
3117 3157 3185 3226 3266 3294 
token time-person-of-the-year-2016-donald-trump
docID 25283
577 
token tour-2011-26
docID 25229
89 
token tumblin
docID 25106
188 
token bbc-increase-coverage-muslim-hindu-sikh-religious-festivals
docID 25236
600 
token 178641
docID 25228
1026 
token 9187.20
docID 25183
356 
token 2flast-battle-brooklyn-new-york-americas-most-unaffordable-place-buy-home
docID 25216
466 522 566 859 915 959 1432 1488 1532 1857 1913 1957 2488 2544 2588 
token forhonesty
docID 25325
468 
token 23block-5861e6b8e4b06265ff0d71fe
docID 25144
8469 8513 8541 8582 8626 8654 
token zaheda
docID 25227
779 1196 
token referendum-cum-coup
docID 25181
153 
token 3ablock-58506208e4b025760cee48be
docID 25337
6787 6828 6856 6897 6938 6966 
token d70
docID 25246
305 
token b006cdgqkw
docID 25141
85 
docID 25131
61 
token bsb
docID 25317
612 
token welansa
docID 25119
651 
token sabau
docID 25162
1035 
token armourers
docID 25098
47 
token 23block-5856f44be4b0525ea8569baf
docID 25328
2841 2885 2913 2954 2998 3026 
token marcias
docID 25216
1066 
token québecois
docID 25091
29 
token white-inked
docID 25123
1165 
token akhmetov
docID 25232
615 
token confederations-cup-protesters-maracana-video
docID 25171
505 
token asylum-seeker-detention-times-blow-out-to-record-levels-under-malcolm-turnbull-20160112-gm41v7
docID 25334
544 
token fan-tasise
docID 25138
1165 
token four-under
docID 25462
8299 
docID 25608
46 
token bogeys
docID 25497
388 
docID 25462
1980 3228 4691 6664 6714 10890 12669 
docID 25613
237 
docID 25387
1148 9390 11848 14485 
token lecka
docID 25810
4656 
token bogeys
docID 25781
1851 3130 3902 4306 7961 9014 9298 11512 16639 17029 17359 17542 18756 19146 19204 20072 
docID 25751
9 178 899 
docID 25761
1941 6073 7039 7631 17044 18376 18692 18849 
docID 25865
704 
docID 25727
153 165 
docID 25652
304 
docID 25820
350 
token b006cdgqkw
docID 25690
61 
token lecka
docID 25941
9577 16804 
token bogeys
docID 26136
653 
docID 25941
5221 15134 
docID 26079
439 474 515 
token pathologizing
docID 26194
119 
token segregating
docID 26181
2138 
token 178641
docID 26270
1118 
token battery-like
docID 26632
328 
token vanishment
docID 26599
361 
token bogeys
docID 26581
42 
docID 26487
113 283 
token tadcaster
docID 26606
34 245 257 307 316 481 492 539 
token b006cdgqkw
docID 26529
61 
docID 26566
61 
token four-under
docID 26884
75 
token lecka
docID 26867
3909 
token bogeys
docID 26919
599 
docID 26721
778 
docID 26760
530 
docID 26820
358 
token b006cdgqkw
docID 26813
61 
docID 26899
61 
token four-under
docID 27145
919 
token blk
docID 27144
2371 
token bogeys
docID 26968
55 57 
token b006cdgqkw
docID 27094
61 
