token wearsvest
docID 26897
1925 
token virgins-cowboys
docID 26720
2346 
token boredom-football-manchester-united-chelsea
docID 26779
494 
token 2f96cdea51156cd08d66b79d5f57a57ddbd9893400
docID 26816
1357 1464 
token 704864053601169408
docID 26788
475 7247 
token portphillip
docID 26782
5356 5361 19279 19284 
token 1985/09
docID 26730
777 
token 3ablock-587118f6e4b0be03bff439c2
docID 26940
6590 6638 6666 6707 6755 6783 
token hisdefence
docID 26737
828 
token marseille-ultras-rule-temptation-never-far-away
docID 26779
121 
token framewinner
docID 26881
3503 
token theologianwalter
docID 26912
2364 
token street-footballer
docID 26882
620 
token voter-rich
docID 26787
977 
token itv-announcing-acquisition-twofour-tv-production-company-educating-essex-splash
docID 26803
314 
token letters-show-melbourne-archbishop-failed-to-act-on-allegations-about-priest
docID 26942
136 
token agenda-driven
docID 26949
730 
token falke-seamless-running-tank-top-1050186
docID 26897
2638 
token 5042
docID 26867
3434 3537 
token 2faustralia-v-pakistan-first-test-day-three-live
docID 26923
46 90 118 159 203 231 635 679 707 748 792 820 965 1009 1037 1078 1122 1150 1299 1343 1371 1412 1456 1484 1615 1659 1687 1728 1772 1800 1935 1979 2007 2048 2092 2120 2254 2298 2326 2367 2411 2439 2568 2612 2640 2681 2725 2753 2841 2885 2913 2954 2998 3026 3146 3190 3218 3259 3303 3331 3593 3637 3665 3706 3750 3778 3888 3932 3960 4001 4045 4073 4171 4215 4243 4284 4328 4356 4439 4483 4511 4552 4596 4624 4693 4737 4765 4806 4850 4878 4987 5031 5059 5100 5144 5172 5268 5312 5340 5381 5425 5453 5701 5745 5773 5814 5858 5886 5991 6035 6063 6104 6148 6176 6294 6338 6366 6407 6451 6479 6581 6625 6653 6694 6738 6766 6948 6992 7020 7061 7105 7133 7328 7372 7400 7441 7485 7513 7633 7677 7705 7746 7790 7818 7954 7998 8026 8067 8111 8139 8282 8326 8354 8395 8439 8467 8615 8659 8687 8728 8772 8800 8911 8955 8983 9024 9068 9096 9222 9266 9294 9335 9379 9407 9588 9632 9660 9701 9745 9773 9974 10018 10046 10087 10131 10159 10300 10344 10372 10413 10457 10485 10666 10710 10738 10779 10823 10851 10967 11011 11039 11080 11124 11152 11272 11316 11344 11385 11429 11457 11601 11645 11673 11714 11758 11786 11904 11948 11976 12017 12061 12089 12186 12230 12258 12299 12343 12371 12533 12577 12605 12646 12690 12718 12853 12897 12925 12966 13010 13038 13150 13194 13222 13263 13307 13335 13769 13813 13841 13882 13926 13954 14090 14134 14162 14203 14247 14275 14530 14574 14602 14643 14687 14715 14830 14874 14902 14943 14987 15015 15210 15254 15282 15323 15367 15395 15503 15547 15575 15616 15660 15688 15839 15883 15911 15952 15996 16024 
token bookreasons
docID 26868
479 
token news-water-uk
docID 26892
52 
token sghost
docID 26897
3293 
token 20ripa
docID 26877
476 516 1008 1048 
token p02wn8l7
docID 26773
400 
token asr
docID 26784
567 
token deruryr0t6rcb
docID 26905
276 
token 814328064515670016
docID 26782
2336 2346 18536 18546 
token tone-poem
docID 26870
1027 
token carseldine
docID 26923
1905 16795 
token runningtech
docID 26753
429 
token 2fe1f91f6d16fe600ff5bd72691e33342b1c5474e6
docID 26912
3598 3717 
token 2fe1b2cd427da61b0d33bd9ee93b11a3ab0f6fc8fb
docID 26828
217 314 
token thenpraises
docID 26939
72 
token exxon-climate-change-greenhouse-gasses
docID 26949
113 
token pepe-reina-disappointment-surprise-liverpool
docID 26938
1146 
token asoundbar
docID 26920
921 
token all-fibre
docID 26891
1226 
token fj3vqgc3vc
docID 26793
4140 8901 
token top-30
docID 26822
188 
token em9tdaxgzh
docID 26766
5286 5290 9126 9130 
token 23block-58711357e4b0a2ff291d0272
docID 26940
11286 11334 11362 11403 11451 11479 
token þorsteinssontold
docID 26825
452 
token fidel-castros-brother-announces-death-on-cuban-state-television-video
docID 26785
705 
token john-lawrence-sullivan
docID 26956
1281 
token mable
docID 26794
3249 
token 23block-58646701e4b0fcf474af5b31
docID 26782
15207 15251 15279 15320 15364 15392 
token 10mbps
docID 26891
162 
token 23block-58711e39e4b02851854c1a52
docID 26940
1680 1728 1756 1797 1845 1873 
token galpin
docID 26766
849 7544 
token 2faustralians-didnt-sacrifice-themselves-at-fromelles-the-british-sacrificed-them
docID 26711
971 1028 1073 
token eightbyfive
docID 26761
660 698 
token marco-rubio-republican-debate-us-cuba-thaw
docID 26841
2662 6353 
token 3ablock-58646258e4b0f9c73fa73169
docID 26782
16385 16429 16457 16498 16542 16570 
token ishadid
docID 26946
1068 
token the-time-fidel-castro-and-che-guevara-played-golf-together-in-cuba
docID 26746
54 
token labour-will-not-block-article-50-jeremy-corbyn-allies-confirm
docID 26781
322 
token 2faustralia-v-pakistan-second-test-day-four-live
docID 26782
48 92 120 161 205 233 419 463 491 532 576 604 698 742 770 811 855 883 989 1033 1061 1102 1146 1174 1253 1297 1325 1366 1410 1438 1516 1560 1588 1629 1673 1701 1845 1889 1917 1958 2002 2030 2078 2122 2150 2191 2235 2263 2369 2413 2441 2482 2526 2554 2666 2710 2738 2779 2823 2851 2953 2997 3025 3066 3110 3138 3338 3382 3410 3451 3495 3523 3619 3663 3691 3732 3776 3804 3904 3948 3976 4017 4061 4089 4170 4214 4242 4283 4327 4355 4450 4494 4522 4563 4607 4635 4729 4773 4801 4842 4886 4914 4995 5039 5067 5108 5152 5180 5424 5468 5496 5537 5581 5609 5693 5737 5765 5806 5850 5878 5959 6003 6031 6072 6116 6144 6226 6270 6298 6339 6383 6411 6670 6714 6742 6783 6827 6855 6997 7041 7069 7110 7154 7182 7358 7402 7430 7471 7515 7543 7654 7698 7726 7767 7811 7839 7933 7977 8005 8046 8090 8118 8493 8537 8565 8606 8650 8678 8795 8839 8867 8908 8952 8980 9166 9210 9238 9279 9323 9351 9474 9518 9546 9587 9631 9659 9777 9821 9849 9890 9934 9962 10056 10100 10128 10169 10213 10241 10357 10401 10429 10470 10514 10542 10661 10705 10733 10774 10818 10846 10928 10972 11000 11041 11085 11113 11372 11416 11444 11485 11529 11557 11636 11680 11708 11749 11793 11821 11998 12042 12070 12111 12155 12183 12307 12351 12379 12420 12464 12492 12594 12638 12666 12707 12751 12779 12902 12946 12974 13015 13059 13087 13198 13242 13270 13311 13355 13383 13494 13538 13566 13607 13651 13679 13821 13865 13893 13934 13978 14006 14102 14146 14174 14215 14259 14287 14356 14400 14428 14469 14513 14541 14622 14666 14694 14735 14779 14807 14895 14939 14967 15008 15052 15080 15199 15243 15271 15312 15356 15384 15498 15542 15570 15611 15655 15683 15797 15841 15869 15910 15954 15982 16082 16126 16154 16195 16239 16267 16378 16422 16450 16491 16535 16563 16686 16730 16758 16799 16843 16871 16959 17003 17031 17072 17116 17144 17257 17301 17329 17370 17414 17442 17547 17591 17619 17660 17704 17732 17840 17884 17912 17953 17997 18025 
token hyper-developed
docID 26882
1246 
token jeb-bushs-family-values
docID 26859
412 
token andembarrassed
docID 26715
200 
token agistment
docID 26875
556 
token 2f8cc7e43b160a9622f67846c892ff53381464bf83
docID 26718
472 575 
token misfitmemphis
docID 26901
309 
token dull-as-ditchwater-cook-alsop-and-ritchie-slam-olympicopolis-design
docID 26946
174 
token hellmuth
docID 26933
262 
token versionis
docID 26914
611 
token fake-tradie-in-liberal-election-ad-the-real-deal-says-friend
docID 26826
207 
token produce-seller
docID 26912
1003 
token 3ablock-56b09311e4b055cac770778e
docID 26890
1887 1933 1961 2002 2048 2076 
token sammy-lee-left-role-assistant-manager
docID 26823
56 
token baltic-accented
docID 26956
595 
token defencesby
docID 26793
6005 9640 
token ofjuergen
docID 26956
250 
token 2f012581ee-42d7-4fa5-91f9-9a444cb6844e-2060x1236
docID 26785
1555 1651 
token 23block-5854f4cce4b08386c3102956
docID 26923
11912 11956 11984 12025 12069 12097 
token it-s-distasteful-offensive-make-temporary-scars-disfigurements-acid-attack-survivor-katie-piper-blasts-halloween-gore-overs-impassioned-outpouring
docID 26821
895 
token courierpress
docID 26813
1199 
token presidentdilma
docID 26824
15 
token whererates
docID 26766
5992 9389 
token transfield-investors-urged-to-divest-shares
docID 26770
400 
token apiers
docID 26957
288 
token twitter-share-thecut
docID 26756
144 
token im-a-child-carer
docID 26854
138 
token 2f6bc6c23692942bb66f4a5c7d83317c7c4ca0b46a
docID 26748
481 576 
token theilluminated
docID 26829
1167 
token 2fnicola-cross-killer-marcin-porczynski-held-indefinitely-secure-hospital
docID 26709
389 442 482 
token 2faea2b8bec6342afe8cbe2d6c64d26bc0b7f999c6
docID 26941
1047 1149 
token 3ablock-58551270e4b08386c31029b8
docID 26923
1306 1350 1378 1419 1463 1491 
token oecd-hopes-reforms-will-end-era-of-aggressive-tax-avoidance
docID 26814
693 
token 23block-58082cafe4b005f21833b485
docID 26766
6496 6535 6563 6604 6643 6671 
token rb-uk-commercial-ltd
docID 26914
41 
token 2fec3fa226c5ba2b32d1da0a9b85afb0a9c322883c
docID 26709
406 495 
token maxuthink
docID 26782
14310 14322 14331 21809 21821 21830 
token 2f4e99c0f66af43378abc105ac80f5beecf477a2ae
docID 26720
1086 1176 
token whiteface
docID 26720
276 
token 3ablock-5681538de4b0629150aac1e1
docID 26793
3885 3927 3955 3996 4038 4066 
token oftenentitled
docID 26779
108 
token 23block-5605db2be4b0b9c4ec31985e
docID 26902
3571 3617 3645 3686 3732 3760 
token statutory-homelessness-and-homelessness-prevention-and-relief-england-july-to-september-2016
docID 26710
25 
token 3dfqdeuu1lyzq
docID 26828
1210 1228 1247 
token 79.3
docID 26788
6187 9626 
token thomas-ades-noises-conversations-service
docID 26933
1084 
token advantagesall
docID 26874
2390 
token dailypapert
docID 26783
750 
token queenslandtheatre
docID 26720
164 480 508 
token minnie-and-liraz
docID 26720
1041 
token letwinona
docID 26893
1515 
token littleronnie
docID 26881
1570 3588 4527 
token deconfliction
docID 26759
970 
token 816565
docID 26756
207 
token howsouth
docID 26796
384 
token themlovingly
docID 26918
629 
token expertjulian
docID 26932
1234 
token 2f7b68ac5f39a88450c9e7e08843d9dba44ae8709c
docID 26897
3124 3203 
token 20phelan
docID 26815
481 518 
token cogniscent
docID 26947
192 
token decemberwhen
docID 26883
752 
token 3ablock-5605e512e4b007191f0ba3fd
docID 26902
2410 2456 2484 2525 2571 2599 
token 3ablock-58647c1ae4b05c6a81b15945
docID 26782
10364 10408 10436 10477 10521 10549 
token 788926236705693697
docID 26766
3754 3763 8469 8478 
token 3dc03inb8ynxg
docID 26881
2236 2254 2273 2298 2316 2335 
token oscars-selfie-most-retweeted-ever
docID 26757
495 
token xavi-barcelona-spain-interview
docID 26882
1352 
token seencontinued
docID 26844
543 
token soundthe
docID 26938
600 
token years-ago
docID 26794
2278 
token ual-campus-for-central-saint-martins-at-kings-cross
docID 26932
1412 
token yanic
docID 26940
9959 12873 
token 20councils
docID 26877
474 514 1006 1046 
token galerieslafayette
docID 26956
15 
token synthwave
docID 26828
752 
token butafrica
docID 26808
72 
token cjwkeajwudw9brdcrd30kovf8gksjab3htxfzwn1hxjnudgq8roekzxgmgeecm3odcdrmoy
docID 26724
10 
token pa27
docID 26818
659 661 
token shirtsleeve
docID 26721
29 
token justice-man
docID 26794
2276 
token liset
docID 26722
407 
token the-odd-couple
docID 26792
673 811 
token iqi1pgkt9a
docID 26838
4645 9029 
token likouras
docID 26796
6500 6589 6773 
token wasblocked
docID 26898
93 
token jacqui-lambie-vladimir-putin-great-values-g20-video
docID 26939
82 
token moscow-responds-to-abbott-shirtfront-comment
docID 26939
60 
token acolumnist
docID 26837
433 
token hipsterpreneurs
docID 26792
181 
token warm-down
docID 26938
564 
token 2fterrorist-attacks-and-security-lapses-fuel-fears-for-jordan-stability
docID 26704
390 443 484 1163 1216 1257 
token theofficer
docID 26794
3775 
token fight-ending
docID 26742
435 
token rb-uk-commercial-ltd
docID 27497
175 
